r[]
-0.046778568
0.006373317
-0.028375255
0.002627201
-0.040403733
-0.011969274
-0.013102879
-0.009610731
0.039098962
0.023162396
0.001923512
0.013560912
-0.016720126
-0.00086464
-0.004831602
-0.021895453
-0.014470898
-0.020192306
-0.015046213
-0.014614706
-0.001226342
0.04351883
0.012460925
-0.002254555
-0.006872073
-0.017296049
0.024938257
-0.002789462
-0.000607482
-0.006246365
-0.013654957
0.011081383
0.018139981
-0.005303525
-0.004889153
-0.014443903
-0.035880158
-0.03816157
0.043805086
0.010453655
-0.030887742
-0.00017415
0.007060019
0.024115529
-0.006136747
-0.004159628
-0.036006523
-0.006375787
0.02841055
0.025446234
-0.021842297
0.027484874
-0.003259748
-0.012955824
0.00297131
-0.004179037
0.011116674
-0.028053543
0.001974966
-0.03333266
-0.009998039
0.024462789
-0.05519049
-0.09206739
0.063293319
0.002379585
0.032150571
0.01684211
-0.000358779
-0.023287882
0.029973821
-0.007912639
-0.012919429
-0.012838233
0.002142289
-0.025355027
-0.008193187
-0.003457554
-0.020626835
-0.006628581
0.002259492
-0.019767545
0.060586887
-0.038168017
0.012270351
0.003259281
-0.010826091
-0.024264803
-0.035874944
-0.081096732
0.051466495
0.049185255
0.007939897
-0.007904051
-0.016573692
0.018954603
0.039562787
-0.02168941
0.005724231
-0.019303057
0.035259642
-0.042127346
0.001099625
0.029674328
0.012869413
-0.025192729
-0.016378258
0.007548874
-0.01914457
-0.009396548
0.027563688
-0.027788419
0.00052612
0.042775002
-0.00649682
0.002148624
0.001617766
-0.004133239
-0.0124662
0.023178686
0.000575938
-0.001460532
-0.000870534
0.006711179
-0.01659661
-0.019452882
-0.020750835
-0.026561486
-0.023028617
0.007893521
-0.017120009
-0.041853193
0.028505712
-0.075919857
0.008249467
0.029337489
0.022594755
0.017527776
-0.03599392
-0.037230977
0.009758618
-0.069262416
0.011427373
0.013029952
-0.032573111
0.09126616
-0.018595616
-0.003391271
0.017680089
-0.006753876
0.032995292
-0.014579079
-0.026308117
-0.019748405
-0.009396175
0.021449274
0.017298242
-0.01075378
-0.012344363
-0.057672166
0.002237633
0.000209592
-0.008087231
0.003876805
-0.042774433
0.011113034
-0.018883061
0.051643778
-0.006497756
0.010278021
0.010481861
0.026371681
0.014530125
0.005593274
0.007272442
0.036165006
0.000445118
0.032577185
0.008684486
0.023923979
-0.002672052
-0.029489457
0.003134932
-0.024627248
-0.018037365
0.037261716
-0.002744442
-0.009233472
0.02319373
-0.013770213
-0.007970607
0.014386558
0.006597905
0.030211703
0.001972827
0.006332636
0.020082131
0.015843669
-0.01697495
0.018101732
-0.013055979
0.01963812
-0.003323447
0.017976856
0.008210826
0.002527215
0.028387945
0.01482361
0.016767384
0.02516186
-0.010711415
0.015194812
-0.032639422
0.009042193
0.026561134
0.029184765
-0.016729411
-0.011205698
-0.038526116
0.009315385
-0.015196842
0.032990645
0.006041024
-0.025588133
0.008905427
-0.005820526
0.00895198
-0.032196612
-0.001321156
0.040271156
-0.000220109
0.005505187
0.002731821
-0.004417715
-0.018792493
0.012323222
-0.011749319
-0.010265061
0.006200332
0.000803705
-0.02061076
0.01376087
0.000393365
0.011261132
0.00127343
0.008002255
0.007028105
0.006359415
0.011521517
-0.007416336
0.014425044
0.007779064
0.025368757
0.009361301
0.010370251
0.009471409
0.018024985
-0.016028712
0.02009648
0.003735265
0.00812707
-0.023181884
-0.000298569
-0.004688399
0.019161007
0.008404254
0.012737802
0.020164577
-0.007666599
0.009590355
-0.003249378
-0.00711717
-0.027783713
0.003912329
0.008985737
-0.004726865
-0.009371273
-0.009810429
0.019534455
-0.023348901
-5.51E-05
-0.000644248
-2.23E-05
0.001660522
0.007985767
0.013242155
-0.015871026
-0.020271991
0.029542782
-0.016919375
0.012826615
0.023666677
0.022837345
-0.024414484
0.00169719
0.028901033
0.008772849
-0.011681047
-0.008128482
4.15E-06
-0.013212436
-0.033769774
-0.006563066
0.010449859
0.041503124
-0.017385733
-0.008934304
0.011881168
4.25E-05
0.019311445
0.001577954
0.003049662
0.001411389
0.025548157
0.011014787
-0.008664301
0.019362717
0.000318871
-0.011388258
0.000398054
0.009209632
-0.003743774
-5.29E-05
0.034166145
-0.012111825
0.009935222
0.007347853
-0.002983219
0.023339893
0.012039177
0.020348257
0.016314576
-0.057290484
-0.008775593
0.010212501
-0.049629134
0.017270396
-0.000709126
0.009987231
0.029665741
-0.019108604
0.004733203
0.033017821
-0.001785535
-0.00097472
0.014657115
-0.005764597
0.012127787
-0.02335313
0.013784962
0.006565846
0.000675307
0.008292591
0.007918369
0.015302774
0.011415169
0.003287176
0.008959434
0.000316681
-0.004944456
0.013152416
0.012482348
0.014730078
-0.006607595
0.008340897
0.000227082
-0.011083103
0.013263519
0.007950739
0.002595084
0.003923204
0.011289058
-0.008954698
-0.039888269
0.004741031
-0.011822107
0.046260616
-0.001052113
0.016951893
0.00622676
0.015053608
-0.00143325
0.00876521
-0.004429439
0.004235636
0.002538722
0.003328303
-0.017046462
0.015890945
0.002099162
0.002193984
0.01413837
0.016913973
0.002236205
-0.062872373
0.0019476
-0.006202725
-0.090812305
0.066370293
0.008602238
0.020127568
0.009613004
0.003026067
0.01335412
0.01880702
0.023603222
-0.013515212
-0.003115837
0.016522431
-0.018959168
-0.034381008
-0.025463536
0.029731316
2.54E-05
-0.012648498
-0.029783273
0.027381371
-0.01213976
-0.049695244
-0.040262514
-0.005985188
0.009189536
-0.050422423
0.042110803
0.002518462
0.020636184
-0.024512279
-0.002809244
-0.059413838
0.054407691
0.023315276
0.002815317
0.006057793
0.003301368
0.007837939
0.021413116
-0.009178291
0.005434337
-0.021409992
-0.023702102
-0.040365896
-0.001464745
-0.024828821
-0.011765142
-0.015027087
-0.00628491
0.003693515
0.00581784
-0.004551833
-0.031719163
-0.023879334
0.017234328
-0.074132224
-0.021211916
-0.047398071
0.077434615
-0.11325332
-0.139652236
-0.112609998
-0.006636265
0.052998988
-0.026155363
-0.096762876
-0.076567578
0.128356088
-0.063275163
0.070998601
0.012987468
-0.06771394
0.02687563
0.072078328
-0.132870333
-0.075523415
0.074580197
0.030948487
-0.03277051
-0.042055174
-0.022158313
-0.122015616
0.0285184
0.083626928
0.022326389
0.067574076
-0.039363885
0.03554674
-0.028938701
0.069149847
0.050578764
-0.003386845
0.035184946
0.024753231
0.015173454
0.036295473
-0.0512882
-0.009873282
0.000163075
-0.026275832
0.059770536
0.049945916
0.013357098
0.032243716
0.001689421
-0.006066871
0.004368066
-0.005251864
0.059392876
0.026374633
-0.044908107
-0.010980712
0.026969723
0.023135216
0.015898524
-0.014482815
4.39E-05
0.025250413
0.002871395
-0.021956968
0.027835614
-0.032852086
-0.01306471
0.022352359
0.015386946
0.007720073
0.018304716
-0.038679314
-0.038506882
END