  0.4280
 -0.4280
 -1.4390
  1.5110
  2.3980
  4.2630
  1.2270
 -0.7290
  1.6470
 -3.2880
 -1.3260
  0.6140
  1.2170
  0.2690
 -2.6490
  1.1630
  0.5430
  1.7100
  3.0140
 -0.0970
 -2.8170
  2.4940
 -0.1940
 -1.3080
 -1.5920
  2.2510
 -1.3850
 -0.1990
  0.7950
  1.8960
  0.1300
 -0.0650
  0.8370
  1.0850
 -0.2540
  4.0540
  0.3660
 -0.3660
 -0.2440
 -3.6190
 -0.6370
 -0.8340
  2.1680
 -2.2330
 -1.1680
  1.2970
 -1.4930
  0.5220
 -0.5880
  0.4240
 -0.0330
  1.2310
  1.7240
 -0.7620
 -1.4780
 -0.9100
 -1.5800
 -3.9940
  1.9830
 -3.7950
 -1.5590
  0.9950
 -3.7840
  2.8960
 -0.5360
  2.6190
  0.6970
 -0.1390
  1.7910
 -1.9640
 -0.8740
 -0.2110
  3.2540
 -2.6230
  1.1130
 -1.7790
 -1.9910
 -1.4830
 -3.8640
  2.9850
 -0.4420
 -2.0900
  3.8470
  2.0820
 -1.6490
  1.7190
  1.4800
  1.3900
 -0.0690
 -1.6750
  1.6750
  3.3350
 -1.8240
  2.0910
 -0.5350
  1.5980
 -1.7320
  1.1690
  0.2320
  2.8100
  0.1930
  1.5310
  0.6950
  0.8770
 -0.6250
 -1.7730
  2.2100
 -0.3760
 -0.0630
 -0.2510
 -2.1610
 -0.3870
  1.6000
 -1.4710
  0.3860
 -1.1620
 -0.7170
  2.5500
  0.0000
 -1.7690
  2.2460
 -0.0630
 -0.7000
  0.3830
 -0.6390
 -1.3550
  3.0080
  0.1260
 -0.8220
  2.4460
  0.0620
  0.6790
  0.3080
  1.5810
  0.1810
 -1.5780
  1.2770
 -0.3020
  0.3630
  0.1810
 -0.1210
  0.4210
  0.5990
  1.4240
 -0.6500
 -0.5340
  1.0080
  0.0000
 -0.8290
  0.4150
 -0.6550
  0.1790
  0.2390
 -0.5370
  0.1800
 -0.2390
  0.0600
  0.2390
 -0.2090
 -0.8110
 -0.8480
 -0.1820
 -1.5350
  0.6790
 -0.3700
 -1.3660
 -0.6270
  1.5610
 -0.4350
  0.7750
  0.9520
 -0.0610
 -0.0610
 -0.0610
  0.1840
  0.3060
  0.7900
 -0.9110
  0.1220
  0.9710
 -0.6660
  0.7260
 -0.1810
  0.6630
  1.1350
 -0.0590
  0.0590
  0.0000
 -0.8340
  1.1320
  1.7900
  2.7820
  1.5990
 -0.9790
 -0.5350
  0.8720
 -0.0560
 -0.7320
 -0.5090
  0.0000
  2.1340
  1.5440
  0.8710
  0.3240
  0.3500
  1.2580
 -0.3200
 -1.0190
  0.2700
  0.8030
 -0.6950
 -1.5690
  0.6530
  2.0960
  0.1060
  0.9510
 -0.7920
 -0.1590
  0.3180
 -0.4250
 -0.6400
 -0.9140
  0.9140
 -0.2140
 -0.3230
 -0.3240
 -1.0860
  0.4360
  2.1510
  1.5310
 -0.8420
  0.1580
 -0.8480
  0.0000
 -0.3730
 -1.2890
  0.5930
  0.6970
 -1.0190
 -0.0540
 -0.8670
 -0.1630
 -0.3280
 -0.4930
  0.1650
 -1.4370
 -0.5020
 -1.8070
 -1.0310
  0.4600
 -2.2600
  2.7750
  0.7380
  0.7330
 -2.0430
  1.1120
 -0.8830
 -0.6880
 -0.5780
  0.2320
  0.6340
 -0.5180
 -0.8110
 -0.0580
 -0.2910
 -0.2920
  0.4090
  0.1170
  0.5810
  0.3470
  2.2830
 -1.9380
  0.1150
 -0.6920
  1.3220
  1.1360
 -1.0530
  0.4280
  1.0200
  0.4500
  1.9450
  0.6030
 -0.6580
 -0.3310
 -0.1100
 -1.2240
  0.5030
  0.8330
 -0.8880
  0.3330
 -1.7940
  0.3380
 -0.2250
  0.5070
  0.6160
  0.1120
  0.5560
  1.7600
 -0.4370
  0.3280
 -0.2180
 -0.1090
 -0.2190
 -0.1100
  0.0270
 -1.1320
  0.9400
  0.4940
 -0.4390
  1.7450
 -0.9780
 -1.7060
 -0.3900
  0.7770
 -0.4990
 -0.1110
  1.7100
  0.9800
  1.7180
 -1.5020
  0.0000
  0.6470
  0.7490
  1.4820
  0.4190
  2.5310
  0.4070
  0.5070
 -0.1520
 -1.6320
 -0.6190
  0.4130
  1.7380
  0.7570
 -1.2140
 -1.4350
  1.9930
 -1.1190
 -0.6670
 -0.8290
  0.3130
  0.6210
  0.5150
  0.2050
  0.3070
 -0.5120
 -0.4120
 -0.9320
 -1.7320
 -0.0530
 -1.7100
  0.2690
  1.2820
  1.4220
  1.5060
  1.3810
 -0.5090
 -1.3370
  0.9280
 -0.6170
 -0.1030
 -0.6220
 -0.2080
 -0.9950
  0.0000
  0.1580
  1.5640
  0.0000
 -0.1030
  0.1040
 -0.1030
  0.3110
  1.2300
  0.6100
  1.1080
  1.5900
  1.9530
 -1.3630
  0.2940
 -0.6860
  0.9790
  2.9760
  0.8470
  0.5610
 -0.1870
  4.7460
 -1.9800
  0.5440
 -0.1810
 -1.8290
  0.9190
  0.4560
 -0.6390
 -1.1050
 -1.1170
 -1.8910
  0.9490
  2.4270
 -0.1850
 -0.0460
 -0.6510
  0.0000
  0.1870
  0.5570
  0.3690
  0.7350
  1.4540
  0.2710
 -0.4510
  0.1810
  0.0000
  0.2710
  0.2250
  2.3520
  0.9600
 -1.5760
  0.4400
 -0.7940
 -0.0890
 -1.0700
  0.8030
  0.9730
  0.0000
  0.0880
  1.1800
  1.6810
  0.5960
 -0.6820
 -0.1710
 -0.6450
 -0.4320
 -0.4770
  0.9520
  0.3440
  0.7700
  0.3400
  0.0850
  0.8870
  0.1680
  0.4610
  0.0840
 -0.2510
 -1.4770
 -0.6390
  0.1280
  1.9460
 -1.0950
 -0.7230
 -0.3420
 -0.3000
  0.5560
 -0.6000
  1.3660
  0.6760
 -1.6980
 -0.1710
 -0.3440
  0.4290
 -1.2070
 -1.0900
  1.6090
  0.7740
  0.1280
 -0.1280
 -0.1280
  0.2140
 -0.0860
  0.4270
  0.1280
 -0.4690
  0.5120
  0.6360
  1.0510
  1.5060
  0.7700
  0.4080
 -1.2810
 -0.3100
 -1.1480
  0.7320
 -1.4160
  0.4740
 -1.1640
 -1.7710
  0.4860
 -0.6490
  1.9330
 -0.6400
  0.4270
  0.7430
  0.7380
  0.6810
  0.5720
 -0.9380
  0.4180
  0.2610
 -0.4170
  0.5210
 -0.0520
 -0.6260
 -0.1570
 -0.0520
  0.8350
  0.6220
  0.8230
  0.6130
 -0.4080
 -0.2560
 -1.0820
 -0.2070
 -1.9930
  1.0530
  0.4180
  0.0000
 -1.0490
 -0.3700
 -0.1590
 -0.3190
 -1.3390
 -0.4860
 -0.2170
  0.8920
 -0.6750
  0.1080
 -0.4880
 -3.1490
  1.5080
 -1.3960
  0.9510
  0.0000
 -0.7830
  0.6710
  0.8880
 -1.2220
  0.1120
  0.0560
 -0.9540
 -2.1650
  1.1450
 -0.8870
 -1.5350
 -0.1750
  0.5250
  1.7860
  0.6260
  0.1140
  0.2270
  0.5080
 -0.0280
 -0.8770
 -1.1430
 -2.1180
 -0.2050
 -3.1660
  1.0860
  2.4020
  1.7140
 -1.9780
  0.2350
 -0.2340
  1.0520
  0.4640
  1.5510
 -0.8010
  0.5160
 -0.2290
 -0.4020
 -0.4040
 -0.6370
 -1.2280
  0.1180
  0.7030
  0.5810
 -0.6980
 -1.6500
  0.2380
  0.8260
  1.2850
 -0.6980
 -0.8800
  0.0590
 -0.3540
 -0.3850
 -1.5250
  0.3600
  0.5980
  0.3570
 -0.1190
 -0.4180
  0.0000
  0.4190
 -0.0600
  0.1190
  0.0000
  0.0000
  0.1190
  1.5960
  1.3400
 -0.2310
 -2.3470
  0.0000
  1.1220
 -0.6480
 -0.9510
 -0.4780
 -0.1200
 -0.9650
 -1.2190
  0.1230
  1.0970
  1.0850
 -0.1200
 -2.0620
 -0.2140
  0.4600
  1.0340
 -0.5450
 -0.0910
  0.0910
  0.4860
  0.4830
  0.0000
 -0.2410
 -0.7280
  0.6060
 -0.1810
 -0.5460
  0.1830
 -0.4270
 -1.0740
 -0.2470
  1.1380
  2.1780
  1.7200
 -0.6490
  0.2370
  0.1770
  0.9390
  1.5650
  1.2570
  0.8480
 -0.0560
 -0.1690
  0.8430
 -0.2800
 -0.5060
  1.1770
  0.1110
 -0.1110
 -0.6710
  0.1120
 -0.5070
  1.4590
 -0.7270
 -1.0150
  1.2390
 -1.5800
  0.1140
  0.1990
 -1.8020
 -0.6950
  0.5790
  2.5110
  0.8980
  0.1120
  0.3340
  1.1060
  0.2750
 -0.1100
  0.1650
 -0.5500
 -1.0530
  0.7210
  0.4970
  1.3120
 -0.7090
  0.5460
  1.0820
  0.5900
 -0.6980
 -0.2160
  0.3230
 -0.3240
  0.1080
 -0.4860
 -0.4890
 -0.6560
 -1.5470
  1.2730
  0.0000
 -0.1100
  0.3290
  0.3830
  0.4360
 -0.6550
 -0.1100
  0.4380
  2.5860
 -0.1060
  0.5310
  0.1060
 -0.1060
  1.4720
 -0.1040
 -0.4190
  0.6280
  0.1560
 -0.2600
  0.0000
  0.0000
  0.2090
  1.0370
 -0.3090
  0.5160
  0.1030
  1.0260
 -1.0250
 -1.2450
  0.2090
  1.0110
 -0.1800
 -0.5180
 -1.4650
  0.3160
  0.4190
 -1.0520
 -0.8500
 -1.9380
  2.3630
 -0.8530
 -0.1070
  2.4350
 -2.0070
  1.3770
 -0.8460
  0.7400
 -0.0530
 -1.2190
 -2.1570
 -1.2070
  0.3850
 -0.6070
  1.3740
 -0.2730
  1.2500
 -0.0540
 -0.4330
 -0.4350
 -0.2180
 -0.4380
 -1.9400
 -0.9560
  1.6810
  1.7620
  0.6530
  0.7560
 -0.8100
 -0.5990
  1.9460
  0.5870
 -0.5870
 -0.2140
  0.9080
  0.3180
  0.5810
  0.0000
 -1.7810
 -0.6720
 -0.4330
  1.0790
 -0.0540
 -0.3770
  1.6030
  0.8440
  0.7330
 -0.5760
  1.0700
  1.0110
 -0.6720
  0.4140
  0.1030
 -0.3100
  0.3110
  1.1300
  0.6110
 -0.0510
 -0.3050
  0.4070
 -0.5600
  0.4070
  0.6080
  1.3550
 -0.5500
  0.0500
  0.2500
 -0.0500
 -0.2500
  0.2000
  0.3490
  0.4470
 -0.1490
 -0.2480
  0.4470
 -0.0990
  1.4290
 -0.2940
 -0.0490
  0.5390
  0.5360
 -0.5350
  0.4870
  0.3880
 -0.1940
 -0.6810
  0.6820
 -0.4860
 -0.2920
  0.1960
 -1.0790
  0.4430
  0.4410
  0.3900
 -0.4880
  0.7800
  0.7740
 -0.8220
  0.2430
 -0.1940
  0.5330
  0.5300
  0.2400
  1.0960
  0.0000
  0.2840
 -0.2840
 -0.6660
  1.2320
  0.1890
  0.2820
  0.2810
  0.3510
  0.4900
 -0.1860
  0.3720
 -1.1200
  0.1410
  0.2340
  0.6530
  0.0930
  0.7860
  0.5970
 -0.6430
  0.0000
 -0.3700
 -0.9290
  0.0000
  0.0000
 -1.4110
 -0.5700
 -1.7290
 -2.8500
  0.9920
 -0.8920
  1.2870
  0.5880
  0.8280
  0.4350
 -0.2900
 -1.9550
 -2.2960
  0.8050
 -0.1000
  0.6500
  0.9920
 -0.1970
 -1.3440
  0.2000
  0.4490
 -0.8500
  0.4010
 -0.2000
 -1.1080
 -0.3040
  0.6590
  0.5530
 -0.0500
 -0.3010
  0.3020
 -0.4530
  0.6030
 -0.5030
 -0.7090
 -1.8440
 -1.0390
  1.0400
  1.5390
  0.6090
  2.8930
 -0.4930
 -0.6940
 -1.1010
 -0.2010
 -0.8090
 -0.4080
  1.2680
  0.2520
  0.9500
  1.4570
  0.8090
  0.9230
  1.4880
 -1.0050
 -1.2100
  0.9690
 -0.7990
 -0.3170
 -0.4890
 -0.5900
 -0.0990
  1.0800
  0.5840
 -1.9610
 -1.0950
  0.7480
  0.2480
 -1.3980
 -0.1010
  1.8930
 -0.5940
 -0.6970
 -0.0500
 -0.2500
  0.7990
 -0.4990
 -0.2000
  1.9840
  0.5870
  0.0000
  0.9720
  1.5350
 -0.8130
 -0.3370
 -1.5530
  0.9730
  0.9640
  0.5740
  0.9490
  0.3770
  1.6810
  1.8580
 -2.0430
  0.6470
  3.2200
 -1.3020
 -1.0910
 -0.3670
  0.5480
  1.2690
  0.0000
 -2.5550
  2.5550
  1.0750
 -1.0760
  0.4490
  0.4470
 -0.4920
 -1.5820
 -1.9330
 -1.4040
 -1.9510
  0.8140
  1.2790
 -1.3740
 -0.9590
  0.1930
 -0.6750
  2.4860
  2.5520
 -0.3810
  1.9900
  1.6440
 -0.5370
  0.1350
 -0.1350
 -2.2490
 -2.1590
 -1.8570
 -1.0140
 -1.9100
 -0.8940
  1.4860
  2.9070
  0.0000
 -1.1530
  0.2900
 -1.0170
  1.0520
  3.0940
  1.5290
  0.1380
 -0.2750
 -1.6710
 -0.2810
 -1.3470
  0.3560
 -0.9650
  0.6800
  1.1350
 -0.1410
  1.0890
  0.8690
 -1.0440
 -0.3510
  0.1400
 -1.5550
  0.9570
  1.0180
  0.0000
 -1.5480
 -0.8550
  1.5260
 -0.1060
 -1.9950
 -0.1440
  0.3590
 -1.2280
 -0.9490
 -2.5640
  0.1130
  1.6400
  1.7590
 -0.3280
  0.0360
 -0.4820
 -0.6630
  0.6640
  2.6830
 -0.4300
 -1.3010
 -0.4380
 -1.9190
  0.0000
 -1.9560
  0.0760
 -0.3810
 -1.1500
 -2.8540
 -2.6120
  3.7560
  0.5470
  0.0000
 -0.1560
 -0.8630
 -0.7120
 -1.8420
  1.8420
  1.7310
 -0.4690
  1.4010
  3.4930
 -1.6560
 -0.1520
 -2.1510
 -2.1180
  1.2220
 -0.0390
  2.3240
  0.3060
 -2.6290
 -1.1830
  0.7110
 -2.1090
 -0.4430
  0.1620
 -1.5440
 -4.2240
  5.5250
 -1.3840
  2.5890
  1.2700
 -0.3150
  0.1580
  2.6510
 -2.3350
  0.3150
  1.0930
  0.0000
  0.8500
  1.4520
  1.0560
  0.5610
 -0.8630
  2.3810
  1.3150
  0.1740
  0.7240
  0.7190
  0.1430
  0.8540
 -0.1420
 -0.7130
  0.8540
  1.6880
 -0.4190
 -0.5620
 -1.9920
  0.0000
  2.2730
  2.8380
  1.1530
  0.6730
  0.8010
 -1.5750
 -0.8480
  1.4210
  0.9360
  1.5180
  0.3920
 -1.7120
  1.1880
  0.3270
 -0.1960
 -2.2530
 -0.4700
 -0.3380
  0.8080
 -0.2680
 -0.6740
 -0.5420
 -0.4770
  0.3410
  0.5440
  0.6760
 -0.6750
 -1.0900
  0.9540
  2.5450
  2.0940
  0.7740
  1.2770
 -0.5090
  1.1410
 -3.0730
  0.9060
  0.7700
 -0.3210
  0.0640
  1.9050
  0.5020
 -0.8800
  0.2530
  1.1280
  0.7440
 -1.2440
 -1.6400
  0.8870
  0.6290
  0.0250
  0.0000
  2.8480
  1.0930
  0.0000
  1.4090
  1.8000
  1.2790
 -1.5710
 -0.3820
 -0.2650
  0.1180
 -0.3550
  0.5900
 -2.1410
  3.3100
  2.2990
  0.2840
 -0.2830
  0.0000
 -0.2270
 -0.5140
 -0.0570
  0.8550
  0.1700
 -1.3700
  1.5960
  1.7940
  0.0560
 -1.3980
  0.1690
 -0.0560
  2.4450
  1.2000
 -0.6530
 -0.2180
  0.0550
 -1.3760
 -2.4690
  0.2270
  0.7910
  2.0050
 -1.5280
 -1.3240
  2.0770
 -0.7810
  2.1060
  0.5470
 -0.0550
  0.4350
  1.4560
  0.3740
 -0.1600
  1.1160
  1.6760
 -0.3650
  3.4840
  0.0000
 -0.2200
  0.1040
 -0.0520
 -0.1040
 -0.3110
 -1.0990
 -3.0440
  1.0790
  0.2680
  0.0540
 -0.7520
  2.1320
  0.2110
  0.2110
 -0.8440
  0.0000
  0.5810
 -2.0750
  1.7050
 -0.6360
  0.0000
 -0.8010
  2.0690
 -1.4820
 -0.7490
  2.5450
  0.5740
  0.5710
  0.6190
  0.3090
  0.8180
  1.5650
 -0.0500
  0.1000
 -0.3000
  0.0000
 -0.3010
  0.1010
  1.0010
  1.5810
 -1.2830
 -0.8980
  0.1000
 -0.4010
  0.3020
  0.5490
 -0.1000
  0.0500
  0.3980
  0.4960
 -0.5950
  0.1990
 -0.2480
  0.1990
 -0.2480
 -1.3020
  0.4020
  0.1000
 -0.6040
 -0.9120
  1.6660
  1.1450
  0.2970
  0.2470
  1.3200
 -0.9770
 -0.2940
  0.2950
  0.1670
  0.2950
 -1.1320
 -1.8990
 -0.7090
 -0.5090
  0.1020
  0.9140
 -0.5070
  1.1120
  0.1010
 -0.8060
  0.4040
 -0.9110
 -1.1770
 -0.0510
  1.1270
  0.4060
  1.3600
  0.0500
  0.3990
  0.4970
 -0.3480
  0.2490
  1.7700
  0.7770
  0.0000
 -1.1680
  0.0000
  0.4880
  0.7760
 -0.6780
  5.0270
  0.3690
  1.9170
 -1.3650
  0.4110
  0.4550
 -0.3640
 -1.0080
  1.1450
  0.0000
  0.7260
  2.6760
  0.6140
 -0.2620
  1.7390
  0.0000
  1.0290
 -0.5130
 -1.2080
  1.5510
  1.1050
  0.9670
 -1.1360
 -0.0850
 -0.1690
  0.8870
  0.5460
 -0.1670
 -0.5040
 -1.5710
 -0.3000
 -0.2400
  0.1720
 -0.7780
  0.5190
  1.2860
  0.5100
 -0.5090
  1.3540
  2.4900
  0.9790
 -2.6310
  2.9560
 -0.8940
  0.2450
  0.4880
 -0.4870
  0.0000
 -0.3270
  0.6520
  2.2480
 -0.1590
  0.5940
  1.1390
  0.7010
  0.1550
 -0.6990
  0.3890
  0.6970
 -1.6730
 -3.0680
 -0.0810
  1.2080
 -0.4410
 -1.4160
  0.4880
  1.3700
 -0.0800
  0.3990
 -2.1770
 -1.2300
 -2.8880
  0.7190
  0.7560
  0.1670
  0.9150
  0.8250
  1.1420
  1.1300
 -1.1300
  0.0000
  0.8890
 -0.0800
 -2.2800
  2.6020
 -1.4560
  0.4880
  0.2430
 -0.6490
 -0.8170
 -2.4920
  0.8370
 -0.5860
 -0.3700
 -0.9320
  0.9330
 -2.3040
 -1.3920
  0.0000
  2.4220
  0.1710
 -1.5480
  1.3980
  1.6740
  0.6700
 -1.5560
 -0.3830
  1.1000
 -0.6750
 -1.7100
 -0.5180
 -2.6340
  1.3700
  3.0670
 -0.4270
 -0.9440
  2.3030
  0.4210
 -0.8440
 -3.0090
  2.7750
  0.2760
 -1.5780
  0.8990
 -1.1570
  0.9440
  0.3410
  1.1000
  0.6710
  0.4170
  1.9780
  2.9750
  0.6320
  0.6280
 -0.2350
 -1.1830
  1.8870
 -0.1560
  1.2400
 -0.1160
 -0.5020
 -0.3100
 -0.4680
 -0.5490
 -0.0790
  2.9430
 -0.3050
  0.4580
  0.4560
  1.4320
  1.3370
  1.2470
  1.4470
 -0.9680
 -0.2910
  0.2550
 -0.1090
 -0.6570
 -0.6980
 -1.1500
  0.1490
 -0.2980
 -0.9770
 -1.9050
 -0.0380
  1.5660
 -0.3030
 -0.7630
  0.9150
  0.9060
  0.8980
  3.0090
  3.2020
  4.9190
 -1.4100
 -1.2930
  0.8190
  0.5420
  0.2030
 -0.2020
 -2.7400
 -1.1880
 -2.6340
  0.0720
  3.3330
 -0.0700
 -2.8310
  1.7790
  1.6790
 -1.8900
 -0.6380
  0.1420
  1.6910
  1.9360
 -0.5500
 -1.3870
 -0.9120
  0.6320
 -0.5620
  0.8410
 -3.6990
 -0.8740
  0.5110
 -2.4290
 -1.0480
 -0.1510
  2.1630
 -0.2580
 -0.3640
 -0.1490
  0.7420
 -0.5940
 -0.2980
  1.1130
  1.3190
 -1.2460
  0.4410
  1.3130
 -0.1450
 -0.2900
 -1.5400
  0.5160
 -0.5900
  0.0000
 -0.8920
  0.4470
  0.7400
  0.2210
  0.2210
 -0.5890
 -0.4440
  0.0000
  0.1480
 -0.4450
  0.2230
 -0.2970
 -1.4250
  1.7970
  0.0000
 -0.3720
 -1.0470
  0.8250
 -2.4170
 -0.7680
  1.9830
 -0.2270
  0.1510
 -0.3790
 -1.3750
 -1.6280
 -1.4970
  1.2620
  2.4770
  0.0000
 -0.9210
 -1.8690
 -0.3940
 -1.0310
 -1.2840
 -0.6000
  0.6490
  1.9230
 -1.6000
  2.1540
 -0.4750
  1.4960
  1.2420
  0.3090
  0.6130
 -1.3860
  0.7720
  0.3080
  0.5360
 -0.2290
  0.8370
  1.4300
 -0.2240
 -1.4330
  0.3040
 -0.4560
 -0.7640
  0.3070
  0.3060
 -2.1570
 -1.4120
 -0.2370
  1.1810
  2.0140
 -1.2350
 -1.3290
  1.0180
 -0.3900
 -0.2350
 -1.7390
  0.4770
 -0.3980
 -0.5600
 -3.0920
  0.3300
  0.8210
  1.2990
 -1.3800
 -1.8990
  2.7940
  0.0810
  1.2880
 -1.6930
 -2.4690
  0.9950
  0.0000
 -0.8280
 -0.2500
  0.0000
  0.0000
 -1.1750
  0.0840
 -0.0840
 -0.4650
  0.4650
  0.1690
  0.4370
  0.2520
  1.6640
  0.8220
  1.5430
 -0.4840
 -2.8750
  0.0000
 -1.5110
  0.0000
  0.4220
 -0.1680
  0.7560
 -0.8420
 -0.8910
  0.8910
  0.5890
  1.8300
 -0.7450
 -0.4160
  1.2430
 -0.1650
 -1.1200
 -1.6400
  0.3380
  2.0090
 -0.6230
  1.2020
  0.6570
  0.0000
  0.3260
  0.4880
  0.4860
  0.5630
  0.8800
 -0.3190
 -0.6410
 -0.0800
 -1.1320
 -0.2440
  1.7780
  0.5590
 -0.4790
 -0.9660
  0.4030
 -0.5660
 -0.6500
  0.4880
 -0.0810
  1.4500
 -0.4010
  1.3560
  0.7100
  2.0250
  0.9210
  0.2290
 -0.7650
  0.5510
  0.3060
  1.2140
 -0.7570
  0.2280
 -0.8370
 -0.1530
  1.5190
  0.7510
 -1.2050
  0.1520
 -1.9090
 -1.4760
  0.9350
  0.0780
  1.3080
  0.0000
 -1.4640
 -0.1550
 -0.8590
  0.1570
 -0.4700
  0.3140
 -0.3130
 -0.9470
 -0.8770
 -0.6430
 -0.2420
 -0.4860
  1.1300
  0.6400
  0.2390
  0.0000
 -0.0800
 -0.5590
  1.0360
  3.1210
 -1.5480
  2.8450
  0.5300
  1.8670
 -0.0740
  3.0640
  0.9300
 -0.9290
 -3.5090
 -0.7470
 -1.9680
  1.3670
 -3.0630
  0.6200
  1.5340
 -0.3040
 -1.3840
 -1.4820
  0.6260
 -1.0200
 -0.1580
 -1.0720
 -0.0400
  0.7960
  2.8130
  1.8320
 -0.8390
  2.3440
  0.4470
 -0.6720
 -0.0750
 -1.2820
  0.3790
  1.3530
  1.1130
  0.2210
  0.5140
  0.2200
  1.4150
  0.6110
  0.3570
 -2.6770
 -0.2930
  0.8060
  1.5200
 -0.8660
 -0.4360
 -0.8040
 -0.1470
 -0.6630
 -0.8170
  0.9640
  2.9110
 -1.4450
  0.5800
 -0.4350
  0.7960
  0.0720
  0.4310
  0.7140
  2.1140
 -0.3500
 -0.0700
 -2.6250
 -0.3600
 -0.0720
 -0.2890
 -0.5080
  0.2910
  0.0730
  1.0820
 -0.7200
 -1.3100
  1.5980
 -0.1440
  0.2160
  1.6420
  0.2830
 -0.6380
 -0.2130
  0.5680
  1.1270
 -0.4210
  0.2810
  2.0820
 -0.1370
 -0.5520
 -1.4630
  0.9080
  0.2780
 -0.2770
  0.0000
  0.2780
  0.2770
  1.2400
  0.4780
  0.2730
 -0.2040
 -0.6830
 -0.4130
 -0.1380
  0.2070
 -1.1770
 -1.1910
 -1.0630
 -1.5070
  0.1450
  1.0770
  1.9800
  0.8360
 -1.1170
 -0.2460
  0.5270
  0.0000
 -0.4210
  0.1410
 -0.1400
  0.0000
  1.1190
 -0.4180
 -1.3360
 -0.4960
  2.4590
  1.7200
 -1.6510
 -2.5290
  0.9910
  1.6760
 -0.7650
  0.3480
  1.3810
  0.0690
  0.9550
  0.0680
  0.0680
  0.2030
 -0.1350
 -0.3400
  1.7190
 -0.1000
  2.0530
 -3.1280
 -5.4890
  1.8400
 -0.4220
  0.2820
  0.0000
 -2.1300
 -0.9370
 -1.2390
 -0.7360
 -0.9650
  2.2860
  0.0730
 -1.3940
  0.4270
  1.7560
  1.4400
 -1.0780
  2.5680
 -0.8490
 -0.8560
  0.0720
  0.1430
  0.4280
  0.2140
 -0.7130
 -1.4410
  0.1450
 -0.2170
 -1.1690
 -1.4060
 -0.6730
 -1.0560
 -0.1520
 -1.2220
 -2.6480
  3.0320
  0.6110
  0.0760
 -1.3780
 -1.3200
  0.7780
 -0.0780
  0.0390
 -0.8170
  0.7020
  1.8460
  1.5130
  0.0750
  1.0450
  0.5190
 -0.2220
 -1.7170
 -1.6710
 -1.8550
 -0.1560
  1.2420
  0.5390
  1.7500
 -1.3660
 -0.6900
 -0.4630
 -0.7760
  0.5450
  0.6180
 -1.0850
 -2.5240
 -1.0840
 -0.2020
 -2.4570
 -3.8020
  3.3870
 -0.7520
 -0.0170
 -4.7450
  0.0000
  1.5770
  0.7800
  0.2590
 -1.7360
 -1.0570
 -2.6910
 -2.3920
  0.8350
 -0.2770
 -4.3520
 -3.1440
 -2.0160
  1.0130
 -2.8640
  0.4140
  6.7890
  3.0420
  4.0370
  3.1860
 -1.4040
  0.0000
 -4.2410
 -0.4620
 -1.3990
  0.7480
 -1.0300
 -2.3820
 -0.0960
  0.0000
  4.5290
 -1.9560
  2.3250
 -0.6450
 -0.6500
 -4.3280
 -0.8290
  1.1690
 -0.1940
  0.0000
 -2.9560
  1.5870
 -1.2880
 -2.5250
 -0.8210
  4.0410
  0.6910
 -1.5860
 -1.0040
  1.4030
  0.2990
  0.7910
  2.1420
 -0.5800
 -0.0970
 -1.4660
  1.1740
 -1.2730
 -0.1970
 -0.1970
 -0.0990
  0.3950
 -0.0200
 -1.1960
  0.4000
 -0.2000
 -0.5020
 -1.2140
 -2.0580
 -0.9400
 -3.2520
 -3.3620
  3.0360
  2.3110
  1.8950
  0.0000
  2.0650
  1.8220
  5.2740
  0.4750
 -0.0950
  0.5670
  2.2370
 -1.8600
 -0.8960
  0.0470
  2.1550
  0.8310
  1.0970
 -0.7300
 -1.7550
  0.1860
 -1.0280
  0.1410
  1.7210
  2.0100
  1.3470
 -1.7100
 -0.8200
  2.7970
  2.6340
  0.0000
  0.5190
  0.6010
  0.0000
  1.7830
  0.7550
  2.4750
  0.1220
 -0.4490
 -2.4840
 -0.7150
 -2.0040
  0.6010
 -0.1710
  0.5140
 -0.7710
 -2.1730
  2.3020
 -0.7760
 -0.3030
  2.4020
 -1.7960
  0.4300
  1.8720
  0.6730
 -1.1120
  1.9370
 -1.2160
  0.0420
 -1.2320
  0.4690
  1.1830
  0.5030
 -0.5870
 -0.0420
 -1.3550
  0.0430
 -0.1280
 -0.8140
  0.1720
  1.8720
  0.8390
  0.3330
 -0.3340
  3.1280
 -0.4060
  0.2440
  1.9290
 -0.7990
  0.0800
  1.3540
  0.0790
  0.3160
  0.0790
 -0.1570
 -1.9920
  0.0800
  0.6410
  0.0000
  0.7960
  0.5530
 -0.3950
 -1.1140
  0.7970
  1.1050
  0.5470
 -0.2340
 -0.5500
 -1.5060
  1.0330
  0.5510
 -0.5520
 -0.5550
 -0.6380
  1.0350
 -0.0400
 -0.3570
 -1.4410
  0.5630
  0.3200
  0.6370
  0.2380
  0.3160
  1.6450
  1.3120
 -1.0800
 -1.5620
  2.4890
  0.5370
  0.1530
  0.2670
  0.5690
  2.1850
  1.2550
 -0.6620
 -0.3700
  0.4440
  0.2210
  0.6240
 -1.5110
 -2.1790
 -0.3040
  0.6830
  1.4270
  0.8910
 -1.2640
  0.7460
  0.7400
 -0.2950
 -0.2220
  1.0330
  1.3840
  0.8640
  0.1430
 -0.0720
 -0.2870
  1.7810
  2.6490
 -0.2750
  0.2760
 -0.6900
 -0.1040
 -0.5910
 -0.7700
 -0.2110
  0.2820
  0.5600
 -0.4200
  0.1400
  0.1400
 -0.4210
  0.5600
  0.7650
  0.1040
 -0.0350
 -1.1840
  0.0700
  0.2800
  0.2090
 -0.6990
 -1.2000
  0.5660
  0.5630
 -0.8470
 -0.2830
  0.8480
  0.2820
  0.5600
  0.9040
  0.2080
 -1.1810
 -1.2660
  0.0710
 -0.1410
 -0.3550
 -0.9860
 -0.6500
 -0.7280
  0.0730
 -0.6590
 -1.4060
 -0.4480
  1.1910
  1.1760
  1.7390
 -1.1560
 -0.8760
 -1.1800
  0.0740
 -0.9690
 -2.1180
  0.5340
 -0.6860
 -1.6210
  0.9300
 -2.0250
 -1.6660
  1.8230
  1.0160
  0.9290
 -1.8270
  0.8980
  0.6200
 -0.7760
 -1.7280
 -0.4760
  0.2390
  0.1590
 -0.7170
 -0.5610
  0.1610
  0.7190
  0.9500
  0.2370
  0.3920
 -0.7870
 -1.5930
 -0.0800
  1.5140
 -0.3170
 -4.2150
 -0.6640
 -0.6690
 -1.1810
  0.6770
  0.8390
  0.9160
 -0.7490
 -0.5020
 -0.4200
 -1.3570
  2.2800
 -0.9220
 -1.8700
  0.8540
 -1.2850
 -1.0390
  0.0000
 -0.0700
 -0.5260
  0.7020
  1.8190
  1.8700
 -0.5920
  6.2420
  0.5550
 -1.7570
 -1.0540
  0.6490
  1.8440
  1.1060
 -1.1060
 -0.2380
  0.4770
 -1.7190
 -1.9950
 -0.8250
 -0.6650
  2.7180
  0.7280
  0.1610
 -1.3380
 -0.3680
 -1.7350
 -0.0830
  1.0780
 -0.6620
 -0.0830
  1.0750
  0.4920
  0.7330
 -0.8980
 -0.0820
 -0.2870
  0.1230
 -0.4940
  0.3290
  0.7380
  0.1630
  0.4070
  0.4050
 -0.1620
 -1.2230
  0.3270
  3.0200
 -1.8820
 -0.4860
  0.3240
 -0.8130
  0.8940
 -1.3020
 -0.3290
 -0.7840
  0.1240
 -0.9980
 -0.6710
  0.4200
  0.7510
 -2.7410
  1.0630
  2.5060
 -0.9120
  0.3490
 -0.2500
 -0.0840
 -0.5870
 -1.6960
  0.6820
  0.0000
  2.6000
 -0.3320
 -2.0980
 -0.4250
 -0.5980
 -0.4290
  0.4290
  2.3710
  1.1650
  1.0690
  1.3810
 -0.0810
  3.6490
 -2.4440
  1.1900
 -1.1100
  1.2680
  2.1810
 -0.0770
 -1.3200
  2.2030
  3.5660
  0.0000
  0.7340
  1.3090
 -1.3830
 -1.5500
 -0.7470
  1.7090
 -0.6650
 -0.5950
  0.4470
 -1.0450
  2.0800
  0.2940
  0.0000
 -0.6620
 -0.2210
  0.8840
  0.3660
 -0.3660
  2.6050
 -0.1430
  0.0000
  1.0670
  2.8610
  1.2990
 -2.1270
  1.5140
  0.7480
 -0.1360
  0.0000
 -0.0680
  0.2720
  1.2130
  0.2950
 -0.9420
 -0.3390
  1.0130
  0.4020
 -0.4690
  0.4690
 -1.2790
  0.2030
 -0.1010
 -0.4410
  0.2720
 -0.0680
  0.1360
 -1.1590
  2.1030
 -1.4880
  0.4080
  1.0790
  1.0020
  0.3310
  0.6600
  0.9820
 -0.4570
  0.2620
 -1.2480
 -1.3310
 -0.4700
  0.4030
  0.0000
  1.0660
 -0.0330
 -0.1000
  0.3310
  1.1840
  0.1310
  0.5860
 -0.0320
 -1.2750
  0.5900
  0.8460
  0.9040
  0.7680
 -0.2550
 -0.4490
  0.3200
  0.0000
  1.7770
 -0.8210
  0.1900
  0.0000
  0.1900
 -1.2070
 -0.8340
 -0.7120
  0.0000
 -0.9130
 -0.3940
  0.2630
  1.3030
 -0.9110
 -0.6560
 -0.2630
  1.7910
  1.0990
 -0.6450
 -1.8290
  1.1800
 -0.0650
 -0.3920
  1.1710
 -0.7150
  1.4870
  1.2760
  0.4430
  1.1920
  0.2490
  0.2490
  0.2480
  0.0000
 -2.1260
  0.5670
  0.3140
 -0.1250
 -1.0090
 -0.3810
  0.5710
 -0.6350
 -0.4470
 -0.8340
  1.2810
  1.7660
 -0.5650
  0.3140
 -0.5660
  0.1260
  0.1260
 -0.4410
 -0.1900
 -0.6980
  0.0000
 -0.4150
  0.2240
  0.1280
  0.7940
  1.2260
  0.9340
  0.0620
 -1.2460
 -0.5020
 -0.3150
 -1.0160
  0.3820
 -1.3440
  0.1290
  0.3850
  0.1920
  1.4610
  0.5650
 -0.1880
 -0.8830
  0.6320
  0.2520
  0.6890
  2.2820
 -0.2440
  1.8410
  0.1810
  0.4200
  0.1200
  1.2470
  0.0000
  0.4710
 -0.1760
 -1.0650
 -1.0160
 -0.6630
 -0.4240
 -0.2430
  0.5470
  0.0610
 -1.4020
 -0.3070
 -0.4320
  1.1070
 -0.1830
  0.1230
 -0.5530
 -0.3700
 -0.8690
 -0.4370
 -0.1880
 -0.5660
 -0.3790
  0.7560
  0.3760
 -0.4390
 -0.3780
  0.1890
  0.8780
 -0.2500
 -0.3130
  0.0000
 -0.0310
  2.2050
 -0.6780
  0.5550
 -0.3080
  0.3690
 -0.8640
 -2.0670
  1.6330
 -0.3110
 -1.5740
 -0.8280
 -1.6120
 -1.4400
 -3.9010
  1.5660
  2.3360
 -0.1320
  2.2210
  0.9000
 -0.3210
 -1.4880
 -1.5770
  0.3300
  0.2640
  1.5030
  1.0330
  0.3840
 -0.8340
 -1.7560
 -0.8300
 -1.3370
  0.2020
  1.2020
  2.9420
 -0.9710
  0.1950
 -0.2600
  0.2600
  0.5820
  1.7280
 -1.2770
 -0.9040
 -0.8470
  1.2350
  1.0290
  1.7740
  0.6260
 -0.6260
 -0.2510
 -0.0630
  1.5630
  0.3100
 -1.3080
 -0.6910
 -0.1890
  0.6620
 -0.9150
 -1.1480
 -0.1280
 -1.0320
  1.2890
  0.3190
  1.8340
  0.7490
  1.7260
  0.0610
  0.6090
  1.6860
  0.0000
 -0.2990
 -1.4470
  0.9070
  1.1380
  0.7710
 -0.1770
  0.3540
  1.1430
  2.3340
 -0.6850
  1.8740
 -1.8740
  0.4000
  0.8530
 -0.5680
 -0.8000
 -1.5040
  0.1750
  0.0580
  1.7860
  0.4900
 -0.2280
  1.9240
  0.5590
  0.5550
 -1.1990
 -0.9300
 -0.0570
  1.2950
 -0.7300
  0.0560
 -2.3930
 -0.5790
 -1.8730
  1.9890
 -1.0480
  3.4530
 -0.7380
 -0.3430
  0.8540
 -0.1130
 -0.2270
  0.6810
  0.5070
  0.8950
 -1.0640
 -0.1130
 -1.2760
 -0.0290
 -1.6700
 -1.1680
  0.5860
  1.0460
  1.1490
 -0.6880
  0.9730
 -1.6660
 -0.8140
 -0.8800
 -0.2950
 -0.0300
  0.1480
  1.4070
  1.1000
 -0.9250
  0.4640
 -0.5800
 -1.0530
 -0.0590
  1.6340
 -0.6960
 -0.8190
 -2.4380
 -1.8840
  0.5500
 -1.1040
  0.6770
  0.7320
  1.0580
  2.0550
 -0.2000
 -1.1320
  1.1920
 -1.9140
 -0.8490
 -1.1950
 -2.3700
  0.9730
  0.0000
 -0.7530
 -2.0360
 -0.5800
  0.8360
 -0.0640
  2.7210
  1.8560
 -0.8920
 -1.4010
 -1.3410
 -1.5210
 -0.0810
  2.3140
 -0.6330
  2.1980
  0.6970
 -0.3870
  1.9170
  0.0760
 -2.6140
 -0.8610
 -1.3440
  1.2660
  1.0950
 -1.8840
  0.3950
 -2.5580
  1.2880
  0.1600
  2.0540
 -0.8640
 -3.7770
 -2.2360
  0.5020
  0.0830
  1.7340
  2.7440
  1.8930
 -1.9720
 -1.2020
  2.8620
 -2.8620
  1.3620
  0.2390
  0.0000
 -0.7170
 -0.3210
  2.2990
 -0.0780
 -0.2350
  0.8610
 -1.9680
 -0.9590
  0.4810
 -0.4800
 -0.1610
 -0.9700
 -0.9390
 -0.1640
 -0.7440
  0.0830
 -0.5820
  0.9130
 -0.6630
  0.0000
 -0.2500
 -0.6690
  0.0000
  0.5030
 -0.3350
  2.0740
 -0.1640
  0.0820
 -0.3300
 -0.7450
 -1.3790
  0.2950
  0.1680
 -0.7150
 -0.9760
 -2.5030
  1.5610
  0.6000
  1.9480
 -9.1290
 -4.7050
  4.2440
 -0.7420
 -3.3100
 -3.3240
  3.1310
  0.3840
 -0.1920
 -0.7720
 -0.0970
 -0.8770
 -2.7780
  1.2000
  3.1310
  0.8630
  2.6640
  4.5740
  2.5230
  0.3550
 -0.9800
  0.9360
  0.4870
  1.4890
  1.3810
 -4.0250
  2.1200
  0.5230
  0.5210
 -1.2180
 -0.1750
 -2.3070
  0.6260
  0.3560
 -0.3570
 -1.2570
 -0.2710
  0.2720
  2.3640
 -1.3830
  2.0880
  1.9170
 -0.9540
 -2.4690
  1.5940
 -3.0340
 -1.4600
  1.7310
 -1.5480
 -2.4140
 -0.9440
  2.1590
 -1.2140
 -0.3770
 -2.4840
 -1.2650
 -0.7870
  2.9190
  1.6170
 -0.7580
 -4.4710
 -0.3490
  0.5470
 -2.4100
 -2.4690
  3.8820
  0.5000
 -3.1400
 -1.0340
 -1.2550
  4.5280
  2.5820
 -2.2810
 -1.0080
 -1.6340
 -1.4520
 -3.6180
 -1.5290
  0.3290
 -0.1100
  0.5470
  4.6910
 -1.2580
  0.8930
  1.9160
  2.8320
 -1.9120
 -0.4080
  1.9200
 -0.7030
 -0.6070
  0.2030
 -1.0690
 -0.4610
  1.2250
 -0.4070
 -1.6440
 -1.7780
 -0.1050
  0.7490
 -0.4220
 -1.3320
 -2.2230
  0.1100
  0.4370
 -1.2070
  3.0440
 -0.7520
  1.6050
  0.8450
 -0.4220
 -0.3180
  0.8440
 -0.3150
  0.3680
 -0.7910
  0.3170
  2.0900
  1.0290
 -1.8590
  0.3130
  2.4640
  1.2100
  0.2000
 -0.5010
  0.2010
 -0.7040
 -0.7100
  0.2030
 -1.3290
  0.2060
  1.6300
  1.0050
 -2.4290
 -1.7570
 -1.6820
 -2.5780
  1.8330
  2.2190
  0.3650
 -2.7980
 -1.1850
  0.9700
 -1.1870
 -0.3270
  0.4350
  1.6140
  0.0000
  0.3190
 -1.4460
 -0.4870
 -1.4200
 -1.6080
 -0.8980
  1.7330
 -0.4440
  1.2180
  1.2030
 -0.2720
 -1.3710
 -0.8880
  1.7130
 -0.3710
  1.9710
 -2.8610
 -1.1220
  0.6750
 -0.2800
 -1.0740
 -0.7980
  0.0000
 -0.3450
 -0.6340
  0.0580
  1.1490
 -0.8030
 -2.9820
  1.8230
 -0.9360
  3.0130
  0.6830
 -0.0570
  3.1820
  0.7660
  0.4350
 -1.6420
 -0.7760
  1.2170
 -2.1100
 -1.8120
 -1.2650
  0.2310
 -1.2780
 -0.3520
  1.2830
  2.6300
 -2.3990
 -1.9850
  0.3530
  0.0000
 -0.5900
 -0.7120
 -2.0450
 -3.3360
  1.3730
 -2.0030
  0.5050
  7.8590
  1.8430
 -2.4260
  1.8540
 -0.3450
  0.3450
  0.9710
  1.0740
 -0.5640
 -2.8690
 -4.0380
 -1.5890
  2.1930
 -2.8720
  0.0620
 -0.4970
  1.7280
  2.1790
  2.8330
 -2.2370
  0.0000
 -2.6730
 -0.3700
 -1.1180
  0.0000
 -0.7530
 -0.8860
  1.5130
 -3.9570
  0.3900
 -1.4370
  1.8250
 -0.7780
 -0.3920
 -1.3160
  1.7070
 -4.5280
 -1.9250
  1.2420
 -1.7990
 -3.4090
 -0.8710
 -3.7880
 -5.3640
 -2.9170
  4.8940
  1.4000
  2.8170
  2.3740
  0.5850
 -1.3210
 -1.4880
 -1.0550
 -0.6080
 -1.9230
 -1.1730
  0.7830
 -0.4690
 -1.1030
 -0.9560
  4.9170
 -1.3030
  5.9900
  2.3700
  1.0590
  0.5600
 -0.9830
 -0.0710
  1.6100
  2.3340
  4.3810
 -2.4990
 -3.1110
 -0.4130
 -2.2320
  1.9560
  5.9080
  0.6500
 -2.0280
  1.2480
 -1.0490
  3.3090
 -5.4420
  1.7510
  1.7210
 -0.2620
 -2.6670
 -0.1350
 -1.4310
 -1.0350
 -3.6010
 -2.5480
 -0.5920
  1.7640
 -0.5850
  2.0320
  1.7090
  0.7040
 -0.5630
 -3.7360
 -1.5490
  0.9620
 -2.0840
 -1.0590
  2.4030
  2.0560
 -0.1450
 -1.3190
 -1.3360
 -1.2030
  3.7850
 -0.9520
 -0.5900
  0.2960
 -2.2370
  0.9750
 -1.4290
 -1.6810
  1.2250
  2.2570
  0.5200
 -0.8170
 -0.5230
 -0.5260
 -1.5190
  3.1650
  1.6190
 -1.1750
 -0.5930
 -2.8640
 -1.6960
 -1.6460
  1.1790
 -0.2340
  2.3990
 -0.3060
 -0.0770
  2.9560
  9.8590
  4.0870
 -2.3640
  2.8970
  2.4920
 -0.6500
  4.1500
 -1.1950
  0.8260
  0.5050
  1.4990
  4.1890
  2.4660
  2.1230
 -3.7610
  2.6760
  0.0000
  0.2300
 -2.9060
 -2.1460
  2.1460
  0.1180
  1.5190
  2.0670
 -2.5320
  0.4070
  1.7830
 -1.0310
  1.1450
 -1.8390
 -1.1670
  1.8610
 -0.6930
  1.4970
 -1.8460
 -0.1160
 -2.3590
 -0.1790
 -2.1750
  2.5930
 -0.0600
 -1.1380
 -0.4230
 -0.2420
 -1.1590
 -2.8630
  0.0000
 -0.0630
  1.8150
  3.8930
 -0.6580
 -1.5130
  2.1710
  0.0000
  1.5390
 -0.1180
 -1.4820
  2.0680
 -0.8810
 -1.8460
 -0.5420
 -0.4240
 -1.7140
 -0.1230
  3.7010
 -0.2980
 -0.7800
  2.9070
 -1.8890
  1.2430
 -0.5310
  2.2400
  0.6970
  3.4130
  0.0000
 -2.7220
 -0.4030
  1.0900
 -1.3790
 -1.5160
  0.5860
  2.2520
 -1.2640
 -1.2800
 -0.4110
  1.1690
  1.3850
  0.2290
 -0.8620
  0.6330
 -2.0860
 -0.7050
 -0.2360
 -0.5930
 -0.8350
 -1.1460
  1.0260
 -2.3070
  0.3680
  2.0000
 -0.9650
  3.1600
 -0.7060
 -0.4740
 -0.5960
 -0.1190
  0.0000
 -0.2390
 -0.7820
 -0.1810
 -1.2180
  1.0370
  1.6240
 -2.2930
  0.3650
  1.2100
 -0.6030
 -1.0330
 -1.1060
 -0.2470
 -0.4340
 -1.7560
 -2.3040
  0.6460
 -1.9500
  0.0660
  0.7180
  1.4860
 -2.4020
 -0.5270
 -0.7960
 -1.8140
  0.8770
 -0.6740
 -1.6530
  1.9250
 -0.8200
 -2.5040
  1.2600
  1.3810
 -0.1370
 -2.0820
 -0.9870
  0.5650
  1.5370
  0.9660
 -2.0820
  1.5310
  2.8600
  0.0000
 -2.7220
  0.8250
 -0.4110
 -1.1050
  1.9250
 -2.4830
  0.5570
  0.6920
 -0.6920
 -0.0690
 -0.9780
  0.9080
  3.5520
  1.5980
 -1.4640
  1.0660
  1.3170
  0.5230
  2.0620
 -2.7160
 -1.3200
 -2.6240
  2.8890
  3.3860
  2.9020
  0.1240
  2.3330
 -0.3650
  0.3640
  2.1600
 -0.9550
  0.1200
  0.2990
 -1.0200
  2.0300
  0.6480
  0.1760
  0.9910
 -3.0050
  1.0120
  1.8180
 -1.8780
  0.0590
  0.5320
 -0.4720
  1.0590
  1.8570
  0.5770
 -0.3470
  0.1730
  1.4330
  2.2500
 -1.5130
  0.5070
  1.1180
 -2.0770
 -0.3980
  0.6810
  0.3380
  0.2250
  1.0630
  0.1670
  0.6090
 -0.9990
 -1.5170
 -0.7960
  0.5130
 -2.5310
  0.1750
  0.4060
  0.7500
 -1.2720
  0.4060
  0.5210
  1.4320
 -0.0570
 -0.1140
 -0.8000
 -0.8070
  1.8350
  0.6230
  0.8430
 -0.3370
  0.3360
  0.4470
  0.9980
  1.5330
 -0.2720
 -0.3820
  0.8180
  0.3790
  1.9270
 -0.6380
  2.9440
 -0.6760
  0.9860
  3.2530
  1.1430
 -2.1490
  1.0050
  1.6860
  0.0000
 -1.7360
  0.4490
  2.1670
  0.4860
  0.5800
  0.6730
  1.0480
 -1.5290
 -1.5620
 -0.1970
  1.7590
 -1.0720
 -1.0830
  0.5920
 -0.3450
  1.0320
  2.1280
  0.2870
 -0.6700
  0.8610
 -0.9570
 -1.5500
 -0.1460
  1.4080
  0.0000
  0.0480
 -1.2120
  0.4870
  0.9660
 -0.4820
  1.1520
  1.5160
 -1.6120
 -0.7200
  0.8630
 -1.4420
 -0.0480
  0.2910
 -0.1930
  1.4420
 -0.0950
 -1.2500
  0.3860
  0.2890
  0.0000
  0.6700
 -0.0950
  1.9860
  1.8560
 -0.8300
 -0.2780
 -0.2790
 -0.1400
 -2.3610
  0.7140
 -3.0830
  0.3900
  1.0180
  0.8170
 -0.2870
 -0.1920
 -0.5300
  0.2420
 -1.3110
  0.0490
 -0.9820
 -0.0490
 -1.7420
  1.3960
 -0.9950
  0.5480
  0.3500
  2.9500
 -0.5830
  0.1950
 -0.5860
 -1.2800
  0.0000
  0.2970
  0.2960
  1.2730
 -1.3710
 -1.4900
  0.5000
 -0.3990
  1.2920
  1.3240
 -1.0280
  1.3690
 -0.5850
 -1.1790
  0.1480
 -0.1480
  0.0990
  0.8840
  0.8770
  0.9650
 -0.4810
  1.3420
  2.4460
 -1.1210
  1.6780
 -0.6490
  1.2020
  1.1880
 -0.2720
 -0.3200
  0.6830
  0.4530
 -0.8160
  0.5450
 -0.3630
  1.0850
 -0.5410
  0.5410
  0.6270
 -0.7630
 -0.3610
 -0.1360
 -0.7270
 -0.8230
 -0.5530
  0.1850
  0.5520
  0.1830
  0.9120
 -1.1870
  0.2750
  0.0000
 -0.3220
 -0.1380
  1.5070
  0.3160
  0.0450
  0.2280
 -0.2720
  1.4460
 -0.4050
  0.0450
  0.2700
  0.4030
  0.2240
 -0.1790
 -1.5330
 -0.8200
  0.1830
 -1.4740
  0.9240
 -1.1560
  0.3240
  0.9230
  0.5040
  1.1810
 -0.1810
  0.7660
  0.5380
 -1.0770
  0.3600
  0.5390
 -0.6730
  0.1350
  0.0900
  2.0450
  0.0000
  0.0880
  1.2230
 -0.7850
 -0.4390
 -0.1760
  1.0510
 -1.0080
 -0.8410
 -0.0440
 -0.3110
 -0.1780
 -0.3580
  0.1790
  0.6240
 -1.0730
 -0.0900
 -2.2740
  0.2760
 -2.9800
 -0.7590
  0.4280
 -0.0470
  0.0000
 -2.4010
 -0.2920
  1.1630
  1.5290
  0.9450
  0.1880
  1.9510
 -0.1840
 -1.2050
  0.6040
 -1.9360
 -1.0550
  0.2890
  0.2880
  1.3320
 -0.9490
  0.8550
 -0.2840
  1.5070
  1.3000
 -0.3700
  0.5540
 -0.7860
  1.0610
  0.6870
 -1.0080
 -0.1380
  0.3680
 -0.9230
  0.9240
  0.3670
 -0.8270
  0.7360
 -0.4590
 -0.1840
 -0.3700
 -0.0460
 -0.4180
 -0.5600
 -0.8460
  0.2830
  1.7250
 -0.0460
  0.5080
  2.1400
  0.3590
 -0.7210
  1.4370
 -0.4910
 -0.9440
 -1.2740
  0.3650
  0.0000
 -0.7330
 -0.2760
 -0.8320
  0.0000
  0.5560
  0.0000
  0.9200
  0.8210
  0.8140
 -1.6350
  0.3650
 -0.8240
 -0.7390
 -0.5580
  0.0930
  1.4790
  1.0040
  0.4530
 -0.8170
 -0.2280
 -0.7870
  0.5560
 -0.1850
 -0.7440
  0.3720
 -0.7460
  2.6790
 -0.7320
 -0.2750
 -0.3690
 -0.1390
  2.0610
  0.1810
 -0.2710
  0.0000
  0.1810
  0.3610
 -0.1810
  0.6310
 -0.0900
  0.8950
 -0.1340
 -0.1780
  1.7280
 -0.4400
  0.2650
  0.4390
 -0.4390
 -0.1760
  0.0000
 -0.0880
  0.7910
 -1.0570
 -0.8450
 -0.9410
  0.6290
  0.4910
 -1.4350
 -0.0450
  0.5410
 -0.8120
 -0.4540
  0.3630
  0.4530
 -0.0450
  0.7650
 -1.8100
 -0.6410
  0.1840
 -0.1830
 -0.3230
 -0.4160
 -2.2470
 -2.2990
  0.0970
  0.4830
  0.6720
 -0.5760
 -0.3860
  0.4820
  0.4800
  0.6200
  0.0480
 -1.6440
 -0.3910
  0.0000
 -0.9840
 -0.1480
  0.3460
  0.0000
  0.8350
 -0.5390
 -0.6910
 -0.9460
 -1.8170
  0.8620
 -0.1520
  0.7560
 -1.5170
  0.1020
  1.0130
 -0.6070
  1.7090
 -0.1000
  0.9440
  0.0000
 -0.6450
  0.1490
  0.7420
  1.9530
  0.0970
 -0.5820
  0.0970
  0.9660
 -0.0960
  0.2410
  0.6220
  1.5150
  0.4220
 -1.1290
  0.4250
 -0.4720
 -0.9040
 -0.0480
 -0.6230
  0.6230
 -0.9120
  0.2890
 -0.1440
  0.6240
  3.3890
  1.4250
  0.3180
 -0.6840
  0.0000
  0.0920
  0.2290
 -0.8250
 -1.5310
 -0.1870
  0.4200
  0.6040
 -0.1850
  0.1860
  0.6470
 -0.9330
 -0.9420
  0.6140
  0.9830
 -0.7950
 -0.0470
  1.2610
 -0.6050
  0.3720
 -0.0930
  0.2330
  0.7870
 -0.4160
 -0.7900
 -0.2800
  0.1400
  0.6990
 -1.0730
  0.6540
 -0.4670
  0.5140
 -0.0470
 -0.1860
 -0.9370
 -0.9940
  0.0000
  0.0000
  0.1430
 -0.1430
 -1.3410
 -1.3590
  1.2630
 -1.0680
  0.5360
 -0.2430
  0.9680
 -0.4830
  0.4830
  0.3360
  0.2400
  0.5730
 -1.3420
 -0.6290
  0.1940
 -0.2420
  0.2920
 -0.5830
 -0.4880
  0.8770
  0.1460
  0.3380
 -0.5320
 -0.5350
  0.6820
  0.3870
  0.0000
 -0.5820
  1.2550
 -0.0960
 -0.5290
 -0.6300
 -0.5850
 -1.4270
  0.1500
  1.1930
 -0.3960
 -0.3980
  0.6950
  2.5390
  0.3370
 -0.7240
  1.0590
 -1.2040
  0.0480
  0.8680
  0.0960
  2.1830
  0.8410
  0.0930
 -0.6530
 -1.5570
  0.4270
 -0.3800
  0.5680
 -0.5210
 -1.0030
  0.1920
  0.5260
  0.8070
 -0.4740
  0.3790
  0.7540
 -0.5650
 -0.3790
 -0.2370
  0.4270
  0.6600
  0.5620
  1.0230
  0.0000
  0.2780
  0.6440
  0.2750
 -1.7520
  0.7410
 -1.4410
  0.0470
  0.7000
 -0.6990
 -0.3290
  0.1880
 -0.2340
  0.5620
  0.5590
  0.0930
 -0.6520
 -0.4680
 -0.3300
  0.2360
 -0.0470
 -0.6130
  0.2840
  0.7060
 -0.5160
  0.0000
 -0.8510
 -0.6650
 -0.0480
  0.8660
 -0.2400
 -0.1440
 -0.6760
  0.1450
 -0.4360
  0.0000
 -0.4870
 -0.2930
  0.0000
 -0.1960
  0.4900
  0.2440
 -1.1260
 -0.9900
  0.1000
 -0.9990
 -1.5170
 -1.8000
  1.5960
  0.5600
 -0.7650
 -0.6160
 -1.5570
  1.3510
 -0.8810
  1.2930
  0.2570
 -1.2890
 -0.6250
  0.1040
  0.1040
 -0.6280
  0.5750
 -0.4700
 -0.2620
 -1.0030
  0.3170
  0.7380
  1.4080
 -0.3110
  0.1040
  0.0520
 -0.4680
 -1.5230
  1.3670
  1.6560
  3.0830
  0.0500
  0.6950
  0.1980
  0.1970
  1.5630
  1.4430
  0.2390
 -0.3340
  1.7060
  0.3750
 -0.3760
 -1.0390
  0.0970
  0.7160
 -1.1010
  0.2410
 -0.1920
  2.0950
 -0.9950
  1.2770
  0.4690
 -0.4690
 -0.5660
 -0.9020
  1.7490
 -1.3680
 -0.2380
 -0.4770
 -0.1910
  0.1440
 -1.1070
 -0.4370
  1.4000
  1.9460
  0.0470
 -0.2820
  1.0320
  0.3720
 -0.4190
  2.3520
 -1.1460
 -0.4160
 -1.3990
  1.1210
 -1.2610
  0.7960
 -0.6080
 -1.4660
 -1.6320
  1.0110
  0.3340
 -0.8150
 -0.9190
 -0.1940
  0.4860
  0.1450
  0.8190
 -0.1920
 -0.4820
 -0.1450
  0.3860
  3.0850
 -0.5630
 -0.5660
  1.9660
 -0.6040
  0.7900
  0.2780
  0.7350
  0.1830
  1.0000
  0.8560
  0.8480
 -0.6690
  4.8510
 -1.7620
  1.2210
 -0.8710
  1.3020
 -0.3460
 -0.4340
  0.5210
 -0.1300
  0.9910
  1.7850
 -0.5060
 -0.5090
 -0.1280
  1.0590
  0.4210
 -0.2520
  0.0840
 -0.7600
 -0.8510
  0.1710
 -0.3850
  0.5550
  2.5230
 -0.3330
 -0.2500
  1.7390
 -1.6560
  0.4580
 -1.9720
 -0.5090
 -1.2860
 -0.2590
 -0.8690
 -0.7000
 -0.1760
 -1.4180
  0.1790
  0.1780
 -2.1580
  0.7240
  0.0000
  1.2560
 -1.3910
  1.9240
 -1.0700
 -0.0900
  1.5130
 -0.6200
  3.2360
 -1.2120
 -0.3490
 -2.4780
  0.0000
  0.2690
 -1.3490
  0.4070
  0.3160
 -1.0850
 -0.4560
 -0.4120
 -1.1530
  1.2910
 -3.2570
  5.4340
 -2.4750
 -0.3260
 -1.6420
 -0.7130
  1.3730
 -0.8020
 -0.0470
 -1.4810
  0.0960
 -0.5790
  0.9620
  0.0000
  1.0480
  0.0950
  1.5040
  0.5120
  0.6940
 -1.2520
 -0.8910
  1.4960
  1.4280
  0.1370
  1.4960
  0.0450
 -0.7220
 -0.6360
  1.3580
 -0.7220
 -0.6360
  0.0000
  0.4090
 -1.9240
  4.6120
  0.5290
 -0.2200
  3.8880
  4.7980
 -2.2880
  0.4950
 -1.8260
  1.6610
  0.9830
 -0.4900
  0.3270
 -0.4090
  0.4090
 -0.2040
  1.9860
  0.4000
  0.8750
 -1.8800
  0.2020
  0.2420
 -1.4580
  1.6180
 -0.0800
 -0.8880
  1.1290
  0.3200
 -0.5610
  0.2410
 -1.0470
  0.7260
 -0.8880
 -0.8140
 -0.7390
 -0.5150
  0.3760
  0.7060
  1.6030
  0.4880
 -0.8560
  0.8960
 -0.5700
  0.4880
 -0.6510
 -0.7790
 -0.4540
  0.5770
 -1.6170
  0.2930
  0.3320
 -0.0830
  1.7710
 -0.7380
  0.2880
  1.3850
 -0.4060
  0.7280
 -0.4850
 -0.3250
 -0.2030
  0.6090
  0.6050
 -0.0400
  1.7560
  0.0000
 -0.3170
 -0.8770
  2.6860
 -0.9390
  0.0000
 -0.7110
 -0.4370
  1.6970
 -0.6280
  1.0190
 -0.7030
  0.1570
  0.3130
 -2.5320
 -0.0800
 -0.0400
  0.2810
 -0.1600
 -1.0070
 -0.6900
  1.0530
  0.0810
  0.5620
 -1.0070
  0.5250
  1.2010
  0.4370
  0.7490
  0.5480
 -1.5950
 -0.7260
  0.9660
 -0.7240
 -0.8100
  0.3650
 -0.1220
 -0.9790
  0.5720
  0.8920
 -0.6480
  0.2440
  0.2430
 -0.9760
  0.2450
  0.0000
  0.0810
 -1.1050
  0.1240
  0.3280
 -0.3290
  2.2770
 -0.3230
  0.4830
 -0.6440
  0.1620
  0.6430
 -3.4230
 -1.0000
 -0.5040
 -2.0410
 -0.1720
  0.5150
  0.6830
  0.8460
 -0.3380
 -1.5350
  1.0260
  0.5090
 -0.6790
 -1.3720
  0.0000
 -0.3460
  2.0590
 -0.1700
 -1.7160
 -0.8690
 -2.1160
 -0.1780
  0.7110
 -1.7890
  0.3600
  0.0000
  0.3590
 -0.9000
 -0.3630
  0.9030
 -1.4490
  0.0000
  0.9080
  0.9000
  0.3570
 -0.5370
 -1.0830
  0.5430
  2.1430
 -0.7310
 -0.7240
  2.1550
 -0.1780
  0.0000
  2.8070
 -0.8690
 -0.5250
  0.5250
 -1.0530
 -0.5300
 -1.2490
  0.0000
  0.5380
  0.0000
 -0.5370
 -0.1800
  0.7160
 -1.9840
 -0.5470
 -0.9200
  0.1850
 -0.3700
 -1.4920
 -0.3770
  0.7520
  1.6710
  0.9170
 -0.9160
 -0.1840
  5.0370
 -1.7700
 -3.0830
  1.0990
 -0.7320
  0.1830
 -0.7360
 -0.1850
  0.9200
  0.0000
  0.5470
  0.3630
 -2.2020
 -2.0620
  2.6170
 -1.8620
 -1.1340
 -0.5720
 -1.9310
 -1.3740
 -0.5950
 -1.6030
  1.0050
  0.3990
 -0.3990
 -0.6020
  0.2010
  0.4010
  2.3720
 -2.5720
  1.7880
 -0.3950
 -0.1980
 -0.5960
 -0.6240
  0.6080
 -0.2020
  1.8060
 -0.9990
  0.4010
  0.0000
 -0.8030
 -0.2020
 -0.4050
  0.0000
  0.6070
  4.1470
 -0.1930
  1.9190
  0.0000
 -0.7630
 -0.3840
  0.5750
  0.5720
  2.2550
 -0.9330
 -0.3760
 -1.1360
 -0.5730
 -0.3840
  1.5260
 -0.9520
 -2.1250
  0.5840
  1.1580
 -1.7420
  1.3580
  0.0000
 -0.1930
 -0.7750
  0.1950
 -2.9560
  1.5870
 -0.1970
 -0.3950
  6.5160
 -3.0130
  3.1980
 -0.7440
 -0.1870
  4.7460
 -0.1780
 -1.0770
  0.5410
 -0.9020
  0.0000
  3.2090
 -0.8810
 -0.7110
  1.2400
 -0.8840
  0.0000
 -2.5180
  1.0870
 -0.3610
  0.7200
 -0.5620
 -1.8450
  0.1860
 -0.7460
  3.1340
  0.7230
 -1.8180
 -0.7370
 -0.9280
  0.3720
 -1.4980
 -0.3780
 -1.3350
 -0.1920
 -4.7250
  2.1940
  0.1970
 -1.1880
  0.7940
 -1.9960
 -1.4210
 -0.2040
  1.0200
  1.0090
 -1.4160
 -2.0580
 -0.4170
 -1.2610
  0.8420
 -1.2660
 -1.0680
 -2.6090
 -4.7360
  1.1480
 -3.2480
  8.1500
 -2.8670
 -0.2240
 -1.5820
  1.1330
 -1.1320
 -2.7710
  0.2340
  2.0810
 -0.6880
 -1.3920
 -0.9390
 -1.9050
 -1.6970
  0.2440
  0.0000
  0.0000
  4.9950
 -0.6980
  0.4660
  2.9780
 -1.5930
  0.6860
  0.0000
 -0.9150
 -0.6920
  2.5140
 -0.9070
  0.4550
 -0.7100
 -3.3020
  0.2400
  1.8960
 -0.4700
 -0.9470
  0.9470
  0.7060
 -1.1780
  0.2370
  1.6410
  1.8430
  0.9090
  2.0160
 -3.6120
  1.8220
  1.1230
  0.6680
  3.0570
 -1.9540
  0.2190
 -0.6580
  1.3130
  0.8660
  0.0000
  1.4980
  2.5160
 -2.5150
  1.2660
 -2.9790
  0.0000
  1.7130
  0.8450
  0.6300
 -0.8410
  0.8400
 -1.6880
  1.2690
  1.8730
  0.8220
  1.4210
 -0.4040
 -0.4060
  0.2030
  1.8100
  3.5230
 -1.9420
  0.7810
  2.1170
 -0.7650
  1.3350
 -1.3350
 -0.3850
 -0.1930
 -0.5810
  0.9660
  0.1920
  0.5740
 -0.3830
 -0.1920
 -0.5780
 -0.7750
  2.1170
  1.4900
 -0.7630
  2.2730
  0.0000
  0.0000
  3.1340
 -0.1810
 -3.5160
 -0.5670
  1.3170
  0.9310
 -0.1850
 -0.3720
 -0.5610
 -1.3200
 -1.3370
  0.7660
  0.9490
  2.0580
 -1.3040
 -0.1880
 -3.4420
  2.8760
 -0.5690
  0.9470
 -0.7560
  0.3790
 -0.7590
  2.4460
 -1.1210
  0.7490
  1.6650
 -1.8520
  0.9310
 -2.0580
 -2.2940
 -1.3630
  0.5860
  2.3120
 -0.3820
  1.3290
  2.6080
 -0.3690
  3.2670
  0.1790
 -1.2560
  1.7890
 -1.0700
  0.8920
 -2.5180
 -0.9150
  0.7320
 -0.7330
 -0.3690
 -2.8070
  1.1330
 -0.7530
  0.7530
 -1.7030
 -0.5750
  2.2770
  1.3040
  2.7190
 -2.9630
  0.9360
  0.1860
 -0.1860
  5.4370
  0.5280
  0.5250
  0.0000
  0.5230
 -0.8720
  0.8720
 -2.2830
  0.0000
 -1.2510
 -1.0850
 -0.9130
 -2.4140
  2.0470
  0.1840
  0.5490
 -1.2880
 -1.6810
 -0.3780
 -3.6580
  1.1690
  1.9190
 -1.9190
  2.6770
 -1.5210
 -2.5220
  1.5600
  3.7950
  0.1860
  1.8420
  0.7270
 -1.4600
  0.9150
 -1.0990
  1.8250
  1.6140
  1.7630
 -2.8370
 -2.7350
 -0.3710
 -0.9320
 -0.3760
  0.3750
 -1.5090
  1.6970
 -0.3750
 -2.4690
  0.1920
  0.1920
 -0.3840
  0.0000
  0.7660
 -1.3450
  0.3860
 -0.7740
 -1.5650
  1.3720
  0.3880
  0.5560
  0.3900
 -1.1740
 -0.7900
 -0.5970
 -1.4070
  0.0000
  0.4040
  0.0000
 -1.2170
 -1.2320
  2.4490
  0.2020
  3.3640
  0.7750
 -0.7750
 -0.9780
 -1.7840
 -1.0050
  0.2020
 -0.2020
  1.8020
 -0.7970
 -0.4010
  2.7720
 -1.1790
  2.1510
 -0.5820
  0.7750
 -1.5560
 -0.9850
 -0.3970
 -0.9990
  2.5770
 -1.1810
 -2.2020
 -0.4060
  1.4130
  0.9970
 -1.3990
 -1.6230
 -1.2350
 -0.6230
  0.0000
  2.8750
 -1.6320
 -1.0340
 -1.6770
  0.8420
  0.6270
  2.6720
 -1.8430
 -0.2070
  0.0000
  0.4130
  0.8220
 -1.2350
 -1.2500
 -1.6910
  0.8490
 -1.2760
 -1.0770
  0.2160
  0.6200
  0.8670
 -3.2940
  1.3300
  0.0000
 -0.2200
 -0.4430
  0.6630
 -0.2200
 -0.4430
 -1.3390
 -0.2250
  1.1200
  3.0700
  0.2160
  1.2850
  2.5210
 -0.6240
 -1.2610
 -1.9210
  0.6450
 -0.2140
 -1.5130
  0.6520
  2.1420
  0.6340
  0.8380
 -1.6840
 -0.6390
 -1.5070
 -0.2170
  1.0810
  2.1280
  0.2110
 -0.8440
 -0.4250
 -1.5000
  0.0000
 -1.7430
  0.0000
  0.2200
  0.0000
 -0.6600
  0.0000
 -0.4430
 -0.8910
  1.7740
 -0.4410
  0.0000
 -0.8870
 -1.3450
  0.2260
 -0.6780
 -0.4550
  0.2280
  1.1300
 -0.4500
  0.0000
  1.7900
 -0.4440
  0.6660
  3.0500
  0.2150
 -1.1020
  0.2200
  1.5230
  1.5010
 -1.5000
  0.6460
 -0.4300
 -2.1790
 -0.2200
  0.6600
  0.4380
 -0.6570
 -1.7740
  0.0000
 -0.6730
 -0.4510
  1.1250
 -1.3510
  1.5750
 -0.4470
 -2.0390
 -1.1510
  0.0000
  0.2310
  1.1480
  1.8100
  0.2240
 -0.6730
 -1.1320
 -1.3760
 -0.2310
  1.6070
 -0.9150
  0.2300
  0.2290
 -1.8480
  2.3040
 -3.2410
  1.8650
 -0.2310
  1.8350
  0.2270
 -1.6000
  1.3730
  0.9050
  0.6740
 -0.6730
 -3.2040
 -2.3530
 -0.4770
 -1.9330
  0.0000
  0.7290
 -0.4850
 -0.4880
 -0.2440
 -0.7380
  0.2470
 -2.4940
 -1.0150
  4.9760
  2.8710
  0.0000
  0.4420
 -1.6850
 -1.2210
  1.4630
  1.2040
  0.4770
  0.4750
 -2.1560
 -1.2180
  0.0000
 -1.2330
  0.0000
  0.4950
 -0.2470
  3.4060
  0.7150
  3.5010
  0.0000
 -0.6900
 -2.1010
  1.8690
  1.1500
 -2.0800
 -0.4680
  1.1670
  1.3820
 -0.4590
 -1.8560
  0.4670
  0.9280
  2.9580
  1.7780
 -0.6630
  0.8830
 -1.3280
  1.5470
 -0.8810
 -0.8890
  2.2070
 -0.6570
  2.3890
 -2.1690
 -0.4400
  0.0000
  0.0000
  0.0000
  1.3130
 -0.2170
  2.5800
  1.4750
  3.4940
 -1.4240
  0.8170
  1.6130
 -1.4100
  0.6070
 -0.4040
  1.4070
  2.7560
 -1.1720
 -1.5840
  0.5970
 -0.3980
  2.1440
  0.0000
 -2.8060
 -0.2030
  0.8120
 -1.0150
 -0.4090
  2.0280
  0.0000
  0.8000
 -0.6000
 -3.2590
  0.8250
  1.8310
 -0.6070
  0.4050
  0.4030
 -1.8280
 -1.8610
 -1.2610
 -1.0630
 -1.7240
  1.9380
  0.6380
 -1.2790
 -0.6460
  1.7130
 -2.5810
  0.0000
  0.8670
 -0.4330
  2.5700
  0.6320
 -0.6320
  1.0510
 -1.2630
  1.4720
  0.8320
 -1.0400
  2.0700
  0.8170
  0.0000
  0.4060
  0.0000
  0.8070
 -0.2010
 -0.2010
  2.5870
  1.5600
 -0.1930
 -1.1700
 -0.7870
  0.9830
  0.7800
  2.1140
  0.3790
 -1.3350
 -0.3850
 -1.1630
  0.1950
  0.3880
  0.3870
  0.5770
  0.9330
 -0.1930
 -1.3600
  0.7800
 -0.7800
 -0.3920
  0.0000
 -1.1860
 -0.1990
 -0.3990
  0.7970
 -0.5970
 -0.6010
 -0.6040
  0.2020
  0.0000
 -0.8090
  0.4060
  0.4040
 -0.8090
 -2.0540
 -0.4160
 -2.9600
 -0.2150
  1.0690
  1.4780
 -0.8430
  1.0510
 -0.4190
 -1.6950
 -0.2140
  0.4270
  2.1100
  2.0670
 -1.0270
 -0.4140
  1.4420
  0.0000
 -0.8210
  0.0000
 -1.0360
  0.6230
  1.0300
  0.8170
  1.6130
  1.5870
  1.5630
  3.6160
 -0.1870
  0.0000
 -1.3200
  2.2510
  0.1860
 -1.3040
 -0.1880
 -0.9440
 -0.5710
 -0.9590
  0.9580
  0.1910
  1.6990
 -1.1300
 -0.5700
 -1.3650
 -1.1810
  0.1980
 -0.3960
 -0.9970
 -0.2000
  0.9990
  0.0000
  4.8500
 -0.3800
  0.3790
  3.3520
  1.6350
 -1.4510
  1.0910
  0.0000
 -0.1810
  1.2600
  0.8900
 -1.0700
  2.3030
  1.0460
  0.5190
  0.0000
 -0.8660
 -0.6980
  2.0800
 -0.5160
  1.2000
  1.0170
  0.0000
  0.8390
  2.6410
 -1.6420
  1.1520
 -0.4920
  0.8190
 -0.4900
 -1.9870
 -1.8560
  1.0170
  0.5050
  0.8350
  5.0290
  1.7260
  0.9290
  2.8860
 -0.9020
  0.9020
 -4.1260
 -0.7830
  4.3090
 -1.0600
  2.8510
 -0.8920
 -1.2010
 -3.3790
  2.4690
 -0.4580
 -2.4810
  0.3140
  2.0140
  0.4590
  4.0390
 -0.4580
  0.2980
 -1.0440
  2.8090
 -1.6160
  1.1780
 -2.3710
 -1.3580
 -0.1520
  2.2570
 -0.2980
 -0.2990
 -3.6590
  0.9280
  1.8290
  0.7520
 -1.0550
  4.7340
  0.0000
  2.0030
  0.0000
  4.9730
  2.5290
 -0.6590
 -0.9300
 -0.9390
  1.2060
 -3.1110
 -1.8020
  1.5260
  2.8520
 -0.9410
  3.4540
 -2.3780
  0.1340
  2.8950
 -1.3050
  1.5650
 -0.5180
  0.1300
 -3.4350
  2.7840
  0.3910
  1.6790
 -1.0290
  1.4130
  0.0000
  0.1280
  0.5090
  0.5060
  0.1260
  0.3770
 -1.1350
 -0.6370
 -3.3770
 -0.7960
  2.2390
 -0.9150
  2.5940
 -0.2560
  1.5280
 -1.9140
 -1.0360
  0.3740
  1.9440
 -0.2570
 -2.0800
 -0.6590
  1.9650
  0.0000
  2.6880
 -0.1260
 -0.5070
  0.0000
  0.2540
 -1.5330
  1.6590
  2.1290
 -0.4970
 -1.3790
  2.7400
  0.3680
 -0.2450
  0.3670
  0.7300
 -2.0850
  1.3540
 -1.9750
  0.4980
 -0.2480
  0.3720
 -2.0030
  0.0000
  1.0060
  0.8720
 -0.6220
  1.9780
  0.1220
 -0.1220
  0.2450
  0.4870
  1.3280
 -2.4270
  0.6120
 -0.3670
  0.6110
  0.6070
  0.6030
  2.6130
  0.3510
  1.6230
  0.6880
  0.5690
  2.2450
 -1.0040
  3.1990
 -0.1090
  1.9380
 -2.3730
  2.2670
 -0.9660
  1.0720
 -0.2130
 -1.7240
  0.4340
  0.8620
  0.1720
  1.6070
 -0.1060
 -0.5330
 -1.1830
  0.0000
  0.8620
 -1.0790
 -1.0910
 -1.9940
 -0.4480
 -0.4500
  1.5680
  1.8710
  0.8680
 -1.0870
 -1.2090
 -1.5610
  0.5600
  1.4430
  0.4400
  1.5230
 -2.2940
  0.2210
  0.3300
  0.4390
  2.5920
  0.6380
  2.5100
  0.6180
 -0.5140
  0.7190
  0.9180
  0.3050
 -0.2020
 -0.2030
 -1.7430
 -2.4070
  1.6810
  0.2080
  0.6220
 -1.4570
  1.9720
 -1.5540
  1.4500
  1.4300
 -1.9460
  0.3100
  0.6170
 -1.5490
 -0.2080
  0.8310
  3.6550
  0.1000
 -0.9000
  1.1990
 -0.0990
 -1.9070
 -1.1200
 -1.3410
  0.3120
 -0.2070
  0.6200
 -0.6620
  0.2090
 -0.6280
 -0.7380
  0.0000
 -0.3180
  0.6350
  1.6740
  0.9300
  1.1250
 -1.1240
  0.7160
 -1.0250
 -1.5580
 -2.4370
 -0.2150
  1.3880
  0.9490
 -1.3750
  1.7940
 -0.7350
  0.9440
  1.7590
  0.4090
 -0.1020
  0.0000
 -0.6150
  0.4110
  0.7140
 -0.9200
  1.1230
  0.5070
  0.1010
 -0.7090
  1.3120
  1.5920
  1.5670
 -0.5850
  0.6820
 -0.6820
 -0.7850
  0.9800
  1.3570
  0.9570
  0.7600
  0.0950
  1.5010
 -0.9350
 -0.2820
  0.7510
 -1.4130
  0.0000
 -2.3030
  1.3500
 -0.5770
 -2.1420
  0.9790
  0.1950
 -0.3900
  1.0680
 -1.0690
 -0.9820
  0.0000
  0.5500
 -2.0970
 -1.3210
 -0.1020
  0.1020
  1.1190
  1.3050
  1.2890
  0.4920
 -2.3810
  0.2010
 -1.1080
  0.1010
  1.4070
 -1.8120
 -1.7430
  0.1030
 -1.4570
  1.9720
 -3.5570
  1.2700
 -0.8450
  0.6340
 -0.8470
  1.3730
 -0.2100
  2.6940
  1.4210
 -1.5240
 -1.0290
 -1.1450
  1.1440
  0.3100
  0.4110
  1.5280
 -0.6090
  0.6080
  0.8060
 -0.3010
 -0.9090
 -0.9180
 -0.2050
  1.7300
  0.3030
 -0.6060
 -0.1010
 -0.9160
  0.0000
 -0.8210
 -1.8730
  1.2530
  0.4140
 -0.4140
 -1.3580
 -1.5900
 -0.7510
  0.5370
 -1.1850
 -0.6520
  0.2180
 -0.8750
  0.2200
 -0.3300
  0.5470
 -2.3670
 -1.8230
  1.5960
 -2.5200
  1.1530
  0.8000
 -0.7990
  1.7050
 -1.1330
  0.0000
  0.1140
 -0.3430
 -0.2290
  0.1150
  1.8140
  1.4500
 -2.5800
  0.2270
  1.1280
  0.4470
 -0.8970
 -1.5900
 -1.4980
  0.8100
 -0.4620
  2.0620
  0.3390
  0.3380
  0.8970
  1.5510
  0.2200
  0.6560
 -0.6560
 -1.1020
 -0.4440
  0.0000
  1.4380
  1.3080
 -1.4180
  0.2200
 -1.7700
 -0.7840
 -0.1120
 -2.0480
  0.9160
 -0.1140
  0.3410
 -1.0280
  3.2760
 -1.1170
  1.3390
 -0.4440
 -1.0070
 -0.3380
 -0.7930
  0.7930
  1.0110
  1.2220
  0.1100
  0.3300
  2.3890
 -0.2150
 -0.5390
 -1.6790
  0.4420
  0.8790
 -1.2110
 -0.4440
 -1.0060
  0.8950
  0.6660
 -0.8890
 -1.4620
 -0.9100
 -0.6880
 -0.5770
 -0.3480
 -0.8160
  0.4670
 -0.5850
  0.5840
  0.4650
  0.1160
  0.3470
 -2.6920
  0.3550
 -0.1180
  0.1180
 -1.4280
  0.2400
 -0.1200
 -3.5350
 -1.2490
  2.2360
  0.9780
  5.0990
 -2.1030
 -0.5920
  0.2380
 -1.3120
 -0.9650
  2.0400
  0.4740
  0.1180
  1.1740
 -0.7020
 -0.5900
  1.4080
 -0.1170
 -1.7650
 -0.8340
  0.8350
  1.8820
  0.8130
 -0.5800
 -0.4660
 -0.4680
 -0.3530
 -0.7100
  1.6470
  1.0450
  0.6910
 -0.5750
  2.1670
  1.9010
  1.7560
  4.5730
  1.2390
 -0.3080
 -1.3680
  3.4180
 -1.4360
  1.0280
 -0.8210
  0.6170
  0.9180
 -0.1020
  0.2030
  2.1080
 -1.2990
  0.6020
  0.4990
 -0.6990
  0.5000
 -0.9010
 -0.5040
  0.1010
 -1.0150
 -0.1020
  0.8140
 -1.4280
  0.9210
 -0.6130
  0.7140
  2.6110
  0.4950
  0.6880
 -0.7870
 -0.5940
  0.0990
 -1.3990
 -0.4030
  0.2020
  0.5030
  0.9980
 -1.2990
 -1.3170
 -0.7170
 -0.4120
  0.5140
 -0.5140
 -0.1030
 -0.2060
  0.8240
 -1.3420
  1.3420
  0.5120
 -1.0250
  0.5140
  3.3290
 -0.7970
  0.7970
  0.4950
  0.0990
 -1.2900
 -0.8020
  0.4020
  1.6910
 -0.8120
  0.8990
  0.0990
  0.6930
  0.5900
 -1.3830
 -0.6980
 -1.3100
  0.6070
 -1.0130
  0.3050
 -0.3050
 -1.0230
 -1.2430
  1.0370
 -0.2060
  1.3340
  0.2040
  1.5140
 -1.3120
 -0.9180
 -0.2050
 -1.4470
  0.2080
 -1.9950
  0.5290
 -1.1670
  0.6380
  1.0540
 -0.3150
 -0.8460
  0.8450
  0.2110
  3.4070
 -0.1020
 -0.5090
  1.1180
  0.4030
 -0.4030
 -0.5060
  0.3050
 -0.3040
 -1.7410
 -0.8290
 -0.2080
  0.5210
 -0.5200
  0.5210
  2.7650
 -0.8110
  1.6160
 -0.1000
 -0.6040
 -0.2020
  0.4030
  3.2690
  1.0660
  2.1940
  0.4710
  0.0940
  1.0270
  1.7490
 -0.2740
 -0.1830
 -0.5520
  1.4640
 -0.8200
 -0.0180
  1.2850
  0.0910
 -2.7700
 -1.3200
  1.5070
 -1.3170
 -0.4740
  0.3800
  1.4120
  0.0000
 -0.6560
  0.7500
  0.4660
 -1.0270
  0.6550
  1.3890
 -0.6460
  0.0000
 -1.5870
 -2.0920
 -0.3850
  1.4360
  0.2850
 -1.4320
 -0.8690
 -0.1940
 -0.1940
  1.6410
 -0.8660
 -0.4840
 -0.7800
 -2.5770
  0.7010
  0.7950
  0.1980
  0.2960
  0.8820
 -0.2930
 -0.9830
  0.3940
 -2.4920
  0.6030
  0.9980
  0.8900
  0.7840
  0.9720
  0.3860
 -0.0960
 -1.6530
  0.0980
  0.0980
  0.9730
 -0.2910
  0.1940
 -1.3670
 -0.6900
  0.1980
 -0.6940
 -0.1990
  0.5760
 -0.2000
  0.7990
  1.0870
  0.5880
  1.7450
  0.0960
 -1.7420
  0.3900
  0.3880
  1.3480
  1.7060
  0.0000
 -0.4710
 -0.7580
 -0.3820
 -0.3830
 -0.4800
 -1.3580
  0.4870
  0.3880
  0.4830
 -0.9680
  0.9680
 -1.8470
  0.1960
 -1.2810
 -4.2560
 -1.7760
  2.0850
 -0.8290
 -0.2080
 -0.4180
 -0.5250
  0.5250
  1.2490
  0.9270
  0.9180
  0.7080
 -0.2020
  0.9050
 -0.4010
 -0.5040
  0.6040
 -0.8060
 -1.8390
  1.4330
  0.6080
  0.4030
  1.0010
  2.3620
  0.6790
 -0.4840
  0.3870
  0.4830
 -0.3860
 -0.1930
  0.8670
  1.3350
 -1.8150
  0.6730
  0.6680
  0.8520
 -0.6620
 -0.2850
 -1.4390
 -0.0970
  0.1740
 -0.7820
 -0.1960
 -0.3940
  0.0990
 -0.2960
 -0.4960
  0.0990
  1.2830
  0.6840
 -1.3720
  0.1970
  1.0780
  0.0000
 -0.1950
 -0.3920
 -0.6880
  0.3940
  0.0980
  0.8800
  0.5820
  0.1940
 -1.1660
 -0.4900
 -0.0980
  0.2950
  0.6840
 -1.2740
  0.5900
  0.3910
 -0.9820
  1.0790
 -1.0790
 -2.1940
 -0.2020
  0.1010
  2.1960
 -1.7930
  0.0000
 -0.7060
  0.6050
  0.1010
 -0.1010
  0.1010
  1.0000
  1.8730
  0.0000
  1.0680
 -0.6780
 -0.6830
 -0.0980
  1.2670
  1.0590
 -1.4470
 -0.4870
  1.0680
  0.8660
  0.4780
 -0.9580
  0.7670
  1.0460
  0.8470
  0.4490
 -0.5660
  0.2840
  1.7760
  0.3700
 -0.2770
  1.1970
  0.0910
  1.2720
 -0.1810
  0.5410
  0.8950
 -0.5360
 -0.3590
  0.0000
  0.8950
 -0.3580
 -1.3510
  0.5430
  2.3170
 -0.7960
  0.7070
  2.0080
  1.3740
  1.6070
 -0.2520
  1.0870
  1.3220
  0.1640
  0.2460
  0.5700
  0.3240
 -0.1620
 -0.8150
  0.3260
  1.4570
  1.7530
 -1.7530
 -2.2770
  1.5510
  0.0000
  0.8070
 -4.4340
  1.0030
 -1.2550
  0.3360
  0.1680
  2.2360
  2.1870
 -3.3400
 -0.9990
  0.0840
 -3.5750
  2.5670
  1.3420
 -0.2500
  1.4100
 -0.4950
 -0.9980
  1.3290
  2.0420
 -0.4050
  0.5660
  0.0810
  1.1870
  0.9580
 -0.3190
 -1.1220
  0.4020
  0.4010
  1.6660
 -0.8690
  1.0270
  0.3920
 -0.5500
 -0.8690
  0.4750
 -1.5120
 -3.2610
  0.2490
 -0.9970
 -0.9220
 -1.1010
 -0.5120
  1.6980
  2.3300
 -1.9940
  1.0020
 -0.0830
  0.3320
  0.9890
 -0.4930
 -0.9940
 -0.7520
 -0.0840
 -0.5900
 -0.2530
  1.0110
  1.5800
 -1.5800
  1.2490
 -0.9150
 -0.9230
  0.8390
  1.6580
 -1.8260
  0.6680
 -0.3340
  1.7380
  0.1640
  1.3820
 -0.0810
 -1.3010
  1.4630
 -1.2180
  1.4600
  1.5180
  1.1830
  1.1690
 -1.2470
 -1.9800
  0.3990
 -1.7690
  0.9680
 -0.8880
 -1.9640
 -0.7630
  0.5020
  0.1670
 -0.7530
 -0.5050
 -1.8740
 -0.3450
 -0.5190
  1.4630
 -1.2040
 -0.7820
  0.3480
  2.1490
  2.9330
  0.9860
 -0.3280
 -0.0820
  0.3270
 -1.8160
  0.4990
 -0.5820
 -2.1070
  1.1010
  0.5040
 -0.7570
  1.0920
 -0.7550
 -1.1000
 -0.3410
 -0.9430
  1.2850
 -1.1980
  0.9430
  0.6810
 -0.5090
  0.1700
 -0.3410
  1.4410
  0.5870
 -0.3350
 -2.5490
 -0.4310
 -0.2590
  1.0350
 -1.8170
 -2.7440
 -2.5450
 -1.9530
 -0.8490
 -0.1890
  0.0950
  1.3180
 -0.3750
  0.0000
  0.7480
 -1.3140
 -0.8540
  0.7590
  0.1890
 -0.8530
  0.1900
 -0.5720
  0.1910
  0.7410
 -0.7660
  0.7660
  1.1380
  1.1260
  0.1870
 -0.8420
  1.6760
  1.0110
  1.8110
 -0.9020
  0.0000
  0.7220
  1.5170
  0.0000
 -0.8000
 -0.8970
 -2.0020
  0.0920
  2.3600
  0.7140
  2.3760
  0.0870
  0.1740
 -3.4410
 -1.3550
 -0.2730
  0.9080
 -0.4530
  0.5440
 -1.0900
  1.2710
  0.4500
 -1.2650
 -1.2810
 -0.1840
 -0.9270
  0.1860
 -1.1210
  0.0000
 -1.6110
  1.9860
 -4.1090
 -0.4890
 -4.4100
  1.3230
 -1.3230
 -0.9260
  1.7430
 -1.5360
  0.6170
 -1.3420
  0.9320
 -0.8270
  0.9310
 -0.1030
  0.6160
 -1.1320
  0.1040
  0.9270
  1.3230
  2.2000
 -0.3970
 -1.3200
 -1.4310
  0.1030
  1.3280
  0.5070
 -0.8110
 -2.3700
  1.2430
  0.5140
 -1.2380
  2.0540
  0.4060
 -0.2020
  1.1100
  1.9860
 -0.8890
  0.8890
  0.1970
  1.9440
 -0.9670
 -0.6820
 -0.8850
  0.8840
 -0.6870
  0.8830
  0.0000
 -1.1790
  0.8850
  0.3910
 -1.0790
 -1.0910
 -0.1990
 -1.6110
 -2.1550
  1.2370
  0.0000
 -1.1330
  0.2070
 -0.7270
  1.6530
  1.3230
 -0.5070
  0.4060
 -0.5070
 -0.5100
 -1.5460
 -3.2720
  1.8080
  1.1520
  0.0000
  4.2820
 -2.0160
  0.0000
  3.6990
 -0.8870
  0.7890
  1.6560
  0.4820
 -1.0640
  0.0970
  2.6820
  0.5650
  1.5850
  2.0870
 -0.8250
 -1.4840
 -0.2800
  0.4680
 -1.0310
  1.4040
  2.8400
 -0.2710
  0.8120
  0.3580
  2.6510
 -0.2620
 -0.8780
 -1.6890
  0.0900
 -0.7200
 -0.2710
  1.2590
  0.3560
 -0.7150
 -0.3600
  2.8390
 -0.7900
  1.7490
  0.4320
 -0.1730
  1.7140
 -0.5970
  0.5120
  1.0990
  0.7540
  2.0660
  1.7830
 -1.0490
 -2.1330
  1.0720
 -1.4880
  0.6640
 -2.0900
  1.0090
 -0.0840
 -1.9440
  0.7650
 -2.4870
  0.6920
  1.7940
  0.3380
  1.8400
 -0.5820
  0.0000
  4.5610
 -1.7680
  0.0000
 -1.6340
  1.6340
  0.6460
  2.1510
  0.9420
  0.3120
  1.4680
  2.3490
 -0.0750
 -0.4660
 -0.6840
 -0.4590
  1.4460
  0.5280
 -0.6790
 -2.7630
  0.2330
 -2.6750
 -0.0800
  0.3980
 -0.3980
  2.5220
  0.2330
  1.0040
 -1.6270
 -0.2340
 -1.4990
  1.8900
  0.7000
 -0.8560
  0.7780
 -0.8570
 -1.3380
 -0.0790
 -0.6360
  1.8970
  1.4770
 -0.3870
 -0.3100
  0.3110
  1.1550
  0.9900
  0.7550
  1.0470
 -0.8220
 -0.6780
 -1.7530
  0.9190
  0.1520
  0.5320
 -0.7600
  1.7390
 -0.3000
  0.4500
  1.7070
 -1.4080
  0.2990
  0.0740
 -0.6710
 -1.4320
 -1.1460
 -0.8490
 -0.7780
  0.7010
  0.5420
 -0.5410
  0.1550
  0.5410
 -0.8510
 -1.0930
  0.0780
  0.5470
  2.3740
  0.8400
  1.4350
  1.3400
  0.8110
  1.7460
 -0.0720
  0.7190
 -0.9350
 -0.1450
  1.2230
  0.0000
 -0.0720
 -1.5140
 -2.4270
 -0.9730
  0.1500
  1.1200
 -3.3220
 -0.2300
 -0.5390
 -0.5420
 -1.8840
 -0.3180
  0.3170
  2.1160
  0.8490
 -3.1250
 -0.5580
  0.7950
 -1.5970
 -3.1880
  3.4290
 -0.9680
  1.0470
  0.0800
 -2.1050
 -1.4840
  0.1660
  2.5380
  0.4030
  0.8020
 -3.5770
  1.1520
 -0.8210
 -2.7610
  1.4320
 -0.5030
 -2.3810
 -3.5920
 -3.7260
-26.0880
 10.0540
  6.5220
 -2.2650
  0.6230
 -7.5220
  5.2180
  0.0000
  1.8890
  1.8540
  1.6200
 -2.1310
 -1.0310
  3.4430
 -3.4940
 -1.1580
 -0.3180
  1.2660
  2.4850
 -0.5120
 -1.3450
 -1.8930
  0.5300
 -2.3500
  1.8210
 -0.2120
  0.8470
 -0.7410
 -2.3660
 -3.6570
  0.4500
 -0.6760
 -3.6870
  1.1670
  1.6110
  1.8100
  2.2170
 -2.6670
 -0.7910
  4.4400
  0.7570
  2.4480
 -2.8800
  1.5040
  0.8490
  0.0000
  1.0510
  0.3140
 -3.5020
  0.2160
  0.8580
 -1.2900
  4.4450
  0.9280
  0.8180
  0.4060
 -7.1390
  2.4720
 -2.1460
  0.7560
 -0.2150
  2.6610
 -1.0560
 -5.2300
 -1.2380
  0.5640
 -0.4510
  2.4590
 -1.2210
  0.7790
  0.8830
 -1.2160
 -2.1360
 -0.1140
 -0.7990
  0.6630
 -0.5770
 -0.2310
  1.2680
  2.2650
 -0.3370
  0.6720
  1.5510
 -0.8830
 -0.2220
  0.7750
  1.6400
  0.1080
  0.6480
 -1.4090
  1.0860
  1.5010
 -0.4270
  0.2140
 -0.6420
  0.3210
  0.3200
  0.3190
 -0.8540
 -2.4960
  1.5260
  0.0000
 -1.3080
  1.0900
 -0.3260
 -0.5450
 -0.4390
 -0.5510
 -1.3350
 -1.4670
 -2.7650
  1.0460
 -2.1030
 -0.7110
  2.3500
 -0.1160
  0.0000
  1.9580
 -0.3430
  2.1510
  1.5560
  0.2210
  2.1760
 -4.1760
  2.4390
 -0.1100
 -0.7710
 -0.2210
 -0.4440
  1.2170
  0.1100
  0.3280
 -0.2190
 -0.7710
  0.2210
  0.6600
  0.4370
 -1.2070
 -0.7980
 -0.6760
  0.0000
  0.3380
 -1.9360
  0.0000
  1.4830
  1.1270
 -1.3530
 -1.1410
  1.4820
 -1.0230
 -0.5730
  0.4590
 -0.6880
 -0.2300
 -0.2310
  4.0830
  0.5540
 -0.4430
  0.5530
  0.9880
 -0.5470
  2.4960
 -1.0780
  0.5410
  0.8580
  1.4850
  0.1050
 -1.4830
  0.3190
 -0.3200
  2.6330
  2.2610
  2.2110
 -0.4980
 -0.1000
  1.5870
  0.0000
  0.2950
 -0.5910
  2.0520
 -1.8550
  0.5890
 -0.9840
  0.2970
 -1.1900
  0.0000
 -0.4000
  1.3930
 -1.0930
 -0.9030
  0.0000
 -1.8320
 -1.3440
  1.8560
  0.2040
 -1.2310
  2.1440
  1.6030
  0.3970
 -0.3970
  0.0000
 -0.3190
 -0.3020
 -0.6070
 -1.2250
 -2.2870
  0.1050
 -0.8440
 -2.4660
  0.5420
 -0.9770
  0.0000
 -1.6500
 -1.7900
  0.1130
  1.6770
 -1.0030
  0.5580
  0.9970
 -0.4420
 -1.2250
 -1.1270
  3.3440
 -0.9920
 -1.0020
  0.3350
  1.9870
 -0.6580
  1.2030
 -0.3270
 -0.7660
  0.4390
 -1.3220
  0.0000
  0.4420
 -1.1100
  0.7780
 -0.5560
  0.8870
  0.5500
  1.3080
  0.0000
 -0.4340
 -0.3270
 -0.5470
  0.1100
  1.7390
  0.1080
  2.2350
 -1.0590
  0.9520
  0.9440
  1.1410
  2.6480
 -1.6210
  2.0220
 -0.4010
 -1.0100
 -0.2030
 -1.0220
 -1.1370
  0.4150
  1.5410
  1.1150
 -0.9110
 -0.5100
 -0.7390
 -0.9400
  0.5240
  0.1040
 -0.1040
 -2.6450
  0.4280
  0.3190
 -1.7170
  0.0000
  0.2160
 -0.1080
  1.1820
  0.8510
 -1.7100
  2.4480
  0.4200
 -0.7360
 -0.2110
  0.8420
  1.3540
  1.0290
 -0.9250
 -1.3520
  0.8350
  0.1040
  0.2070
 -0.2070
  0.4140
  0.2070
  1.2290
  0.4060
 -0.2030
 -0.4080
  0.7110
 -0.2030
 -0.5090
  0.6100
 -1.1220
  0.0000
  0.5120
 -0.2040
 -0.6150
  0.4110
 -0.7200
  0.9250
  0.7130
  0.2030
  0.7060
 -0.4030
  1.0050
 -0.6020
 -0.5040
 -1.0160
  1.5200
 -0.8080
  2.2060
  0.6920
  1.4670
  1.4460
 -0.7690
 -0.1160
 -0.4880
 -0.8850
  0.7870
 -0.4910
 -0.4930
 -1.0940
  0.7970
 -0.9970
  1.7880
 -0.8900
 -0.4980
  0.2000
 -1.7070
  0.0000
 -1.8410
  0.4120
 -0.1030
 -1.3460
  0.5200
  0.3110
  0.5160
 -1.3460
 -0.2090
 -0.8400
 -0.3170
  0.5280
 -0.8450
 -0.7450
  0.9570
 -4.8790
 -2.7030
  0.5690
 -0.7980
  0.3420
  0.4550
 -0.1140
 -0.3420
 -0.8010
  0.3440
 -0.5750
 -1.2750
  0.5810
  0.2320
  1.6070
  0.2280
  1.0180
  0.0000
 -1.7010
  1.4760
  0.4500
  1.4480
 -0.5550
  0.0000
  0.9960
  0.0000
  0.8770
  0.0000
  0.1090
 -0.5460
 -0.5500
 -0.8860
 -0.7820
  0.3000
 -1.1360
  0.1140
  0.2280
 -0.1140
 -0.4570
  1.4780
  1.7900
 -1.2280
  0.1120
  0.4470
 -0.7840
 -1.1310
 -0.3420
  0.2280
 -0.1140
 -0.1140
 -1.1490
  1.2620
  0.3410
  0.1140
 -1.0270
  0.5710
 -0.1140
 -0.2280
 -0.8040
  0.4600
  1.9330
 -0.5650
 -0.9100
  0.1140
  0.7960
 -0.7960
  0.2280
 -0.5710
  1.5910
  1.0100
  2.0990
 -0.4380
 -2.1080
  0.3350
  0.3340
 -0.2230
 -0.3360
  0.4470
  2.2050
 -0.6560
  0.7650
  0.1090
 -0.1090
  1.0830
 -1.0840
 -0.3280
 -1.4310
  1.2130
 -0.5500
 -0.6630
 -0.2220
  0.4430
  0.3310
  1.4230
 -0.3270
 -0.5460
  0.8380
  1.5260
  1.6100
  0.7420
 -0.9560
  0.3190
 -1.7170
  0.5400
  0.1080
 -0.6470
 -0.6510
  0.2180
 -1.7540
  0.5510
  0.3290
  1.7390
  0.1080
  1.6020
 -1.3870
  0.4290
  0.2140
  0.2130
  0.3180
 -0.8530
 -0.4290
 -0.2150
  0.2160
  0.5370
 -1.2910
  0.3240
 -0.2160
  0.5400
 -0.1080
  0.0000
  0.1080
  0.3220
 -0.2150
  1.0690
 -5.2410
 -2.2680
  0.2290
 -0.5740
 -2.4470
  2.1010
 -0.6950
  0.0000
  1.6150
 -0.9190
 -0.4630
 -0.1160
 -5.3680
  0.9750
 -0.7310
 -0.4900
  2.3070
  0.1200
 -0.7220
 -0.4840
 -1.0980
 -1.1100
 -0.8720
 -0.3760
  0.7510
 -0.2490
 -0.9190
  0.6370
 -1.9220
  0.7730
 -0.6440
  0.6440
  0.7670
  0.1270
 -0.2540
 -0.1280
 -0.7690
  2.0380
 -0.3790
  0.7560
  0.6260
  0.2500
 -1.0010
 -0.5040
 -1.1450
 -0.1280
 -0.5130
  2.1640
  0.3770
 -1.0090
 -0.6360
 -1.1550
 -0.7770
  0.9060
 -1.1670
 -0.7850
 -0.1310
 -1.4580
  1.1950
 -0.1320
  0.5270
  0.2630
 -0.9210
  0.2650
 -0.6620
  0.0000
  4.0350
  0.8890
  1.1320
 -0.2500
  0.6250
 -1.0010
 -0.3780
  0.8800
 -2.0230
  0.2550
  2.0180
 -1.2560
  0.6300
 -0.8830
 -2.0490
  0.1290
  0.7720
 -1.6810
  1.0380
  0.3860
  0.0000
  1.4040
 -0.8910
  0.6370
  2.4700
  1.3710
  2.0820
 -0.3650
 -0.2430
 -1.3500
  2.0790
  0.4830
  0.0000
 -0.2410
 -0.6060
  1.9250
 -1.5610
 -0.6070
  1.3310
 -0.2400
  0.1200
  0.1200
  0.8370
  0.1190
  0.7110
 -0.2360
  1.4120
 -0.4680
  1.1670
 -1.4020
  0.0000
  0.7040
  1.5080
  0.3440
 -0.9210
 -0.6960
 -0.7010
 -1.4180
 -0.8360
  0.3590
  1.3070
  0.1180
  0.1180
 -0.2360
  0.7060
 -0.1170
 -0.3530
 -0.2360
 -0.3550
  0.3540
  0.4710
  0.7030
  3.4410
  0.2250
 -1.1310
 -0.6850
  0.2290
  0.0000
 -0.4580
  0.4580
 -0.5730
 -1.2720
  1.5020
 -0.9210
  1.0370
  0.1150
  2.2270
  0.0000
  0.2260
  0.4500
  1.0060
  1.4360
  0.2190
  1.1970
 -0.2160
  0.6480
 -0.6480
  1.3980
  0.6390
  0.8450
  0.0000
 -2.1270
  2.9670
  0.9350
 -0.7270
 -0.4180
  0.7290
  0.3120
 -0.1040
  0.0000
 -1.5660
  0.9430
  0.3130
  0.9320
 -0.4130
 -0.4150
 -1.3590
  0.0000
 -0.6340
  0.9480
 -2.4430
  0.3220
  0.1070
  1.0650
 -0.3190
 -0.1060
  0.8470
 -0.7410
 -0.2130
  0.5310
  0.8430
 -1.0560
  1.1610
  0.7320
  0.8300
  1.1300
 -1.3370
 -0.7280
  0.1040
 -1.9990
 -1.4990
 -0.9760
  0.0000
 -1.4260
 -1.5590
  0.6710
 -0.5590
  0.1120
 -1.6940
 -1.4920
 -2.8520
 -0.8460
  0.1210
  0.1210
 -1.2180
  1.7010
  0.6000
  0.5970
 -1.1970
 -2.3160
  0.8590
 -1.7260
 -1.5040
 -2.1690
  3.5490
  3.9080
 -0.7220
  0.2410
 -2.0670
  0.1230
  0.6110
 -0.1220
  0.0000
  3.0070
  0.3540
  1.5230
  0.3480
 -2.7010
 -0.5970
  0.7160
  2.0010
  1.0440
 -0.4620
 -1.0480
 -1.6530
  1.3010
 -0.9440
 -0.9540
  1.8980
  2.4380
 -0.6900
 -0.8110
  0.4650
  0.3470
  1.1480
 -3.8400
 -1.7950
 -2.4450
 -0.7460
 -1.0030
  0.1260
  1.3750
  4.4890
  2.1130
  0.1160
 -0.9320
  1.7410
 -0.4610
 -1.3970
 -0.5880
  0.3530
 -0.9440
  1.7630
  1.0440
  0.6530
  0.0000
 -1.2830
  0.9350
  2.5260
  2.4630
 -0.8890
  1.3300
 -0.7740
  0.8840
  0.9850
 -1.2050
  0.6600
 -1.3230
  1.1040
 -0.3300
 -0.9960
 -0.3350
  1.4410
 -0.2200
  1.2060
 -0.1090
 -2.7640
  0.8930
  0.7750
 -0.4420
  1.3200
 -1.3200
 -1.4500
  0.2250
  1.7780
 -0.6630
  0.8830
  0.1100
  0.0000
 -0.3300
  0.1100
 -0.2200
 -0.3320
 -0.7770
  0.3330
 -0.3340
 -1.6860
 -1.1400
 -1.9690
  1.3940
 -0.2310
 -1.2800
  0.7010
  1.5010
  5.8940
  1.6070
  1.6860
 -1.3670
  1.0530
  1.4570
  1.3340
  1.3160
  0.2010
  1.9880
 -0.1970
  0.0990
  1.3390
  0.8790
  1.0640
 -1.0650
  0.7750
  2.1960
  0.2830
  1.4020
  0.2790
  1.7440
  1.5350
 -1.1720
 -1.7380
 -1.6750
  0.2810
 -2.9430
  0.8630
 -1.6370
  1.7330
 -0.2860
  2.1770
 -0.4690
 -0.2820
 -0.9470
 -1.6320
 -1.6600
  1.6590
 -0.7770
 -1.1780
  0.9820
-10.5040
 -0.8730
 -1.9920
 -0.2230
  1.6660
  0.3290
 -0.8820
  0.8820
 -1.4370
  0.8870
 -0.1100
  0.3300
 -0.7740
  0.3320
 -1.5610
  0.0000
 -0.5640
 -1.9400
 -1.5090
  2.1980
  0.5700
 -0.1140
 -0.2280
 -0.9170
 -0.1150
 -0.1150
 -0.2310
 -0.5810
 -2.3560
 -1.8040
  0.9660
  1.7870
 -2.1480
  0.9220
 -1.4620
  1.8230
  2.0270
 -2.3890
  2.3890
  0.1180
 -3.1140
  1.3290
 -0.3610
 -0.4830
 -1.7100
  3.0330
  0.0000
  0.3570
  0.1190
 -0.9560
  0.2400
  1.6630
  0.2360
 -1.3010
 -1.6810
 -0.2420
 -0.9760
  0.3670
 -0.1220
 -0.7360
 -0.8660
 -0.2480
 -0.8760
  1.3730
  0.1240
 -1.8730
  0.5030
 -1.2630
  1.0120
 -0.7580
 -1.0190
 -0.5130
  1.2790
  0.7590
 -1.0140
  0.5090
  1.8830
 -1.0000
 -0.7570
 -0.5070
  1.1380
 -0.1260
 -2.6810
 -0.3890
  2.0570
  2.2640
  1.4820
 -1.3570
  0.1240
 -0.2480
  0.0000
  0.8670
  0.2470
 -0.3700
  0.0000
 -0.9930
  0.7450
  0.5770
 -1.3790
  0.2530
 -0.3790
 -0.2530
  0.3790
 -0.5060
 -0.1270
 -1.9240
 -1.5660
  0.7860
 -0.1310
 -1.3160
  0.5290
  0.2640
  0.1310
 -0.7900
  1.0520
  1.4300
  1.1540
  0.6360
 -0.3810
  1.1380
  1.6220
 -1.3700
  1.7420
  2.5560
 -1.0880
  0.7260
  1.1990
  0.4760
 -0.4750
 -0.5980
  0.3590
  1.1880
 -0.8290
 -0.1190
 -2.5350
  1.3360
 -0.9700
 -1.4730
 -2.1230
 -0.7610
  0.6340
 -0.8890
 -0.7680
  2.5390
  0.1250
  1.3680
  2.9200
 -2.5500
 -1.7370
  0.5000
 -0.1250
 -1.7610
  0.0000
 -0.2540
 -0.2540
  0.2550
  0.6340
  1.3810
 -2.0150
  0.1270
 -0.1680
 -0.3880
  0.0000
  3.3090
  0.3740
 -0.1250
 -0.7520
 -0.5040
  1.1320
 -3.8220
  1.0340
 -0.7740
 -1.0410
 -0.1310
 -0.6570
  0.3950
  2.8500
 -3.7740
 -1.8740
 -0.2700
 -1.0900
 -1.3790
  0.2780
 -1.3950
 -4.4520
  1.3130
  1.7240
  0.9920
 -0.7070
 -1.2860
 -1.5960
  0.8730
 -1.6070
  1.0260
  2.8730
  0.0000
  0.0000
  1.2670
  1.1130
 -1.5330
  1.3940
  0.1390
  2.0540
  2.5420
 -2.4070
 -1.2250
 -0.4120
 -0.6900
  2.3280
  3.1960
  0.1310
  0.9120
 -1.1740
 -2.5250
  2.9180
 -2.2470
 -0.4020
  0.6690
 -0.5340
 -1.4860
 -0.1360
 -1.9250
  1.5160
  0.9530
 -1.0900
 -0.1810
 -0.6970
  0.5580
  0.5550
  2.0570
 -1.5040
 -1.1080
 -0.1390
  0.0000
  0.1390
  0.1390
 -0.5580
 -1.2670
  0.0000
 -0.5690
 -1.0020
  0.7160
  0.8530
 -0.9970
 -0.8620
 -0.2890
  1.1510
  0.5700
 -0.1420
  1.5550
  0.5590
 -0.9810
 -1.2760
 -0.1430
 -1.8740
  0.2910
 -0.5830
 -0.4390
 -0.1470
 -1.1820
 -1.0450
  0.1500
  0.1500
 -0.7520
 -0.7570
 -0.6100
  1.6680
 -0.9060
  2.9900
  0.2950
  1.0230
  1.7290
  0.8530
  0.2830
  0.1410
  0.9820
  0.5570
  0.1390
 -0.9760
 -1.2690
  0.0000
  0.4250
 -0.4250
  2.9350
 -0.1380
  2.0480
  1.4750
 -0.5340
  1.6830
 -0.6690
  0.8020
 -0.4000
 -1.2100
 -0.6790
 -0.1360
 -0.9600
  1.9100
 -0.9510
 -0.1360
  0.2730
 -1.3710
  0.4130
  0.2750
 -0.4130
 -0.1380
  0.0000
 -0.9710
 -0.8400
  1.5330
  0.6900
 -0.4130
 -0.5540
  2.0590
  1.0810
  1.2030
 -1.0680
 -0.5380
  2.0040
  0.5280
  0.2630
  0.6540
  1.8090
 -0.5130
  0.1290
  1.4040
 -0.7630
  0.3820
 -1.4090
  1.2820
 -1.4110
  1.1560
 -0.3840
  0.1280
  0.2560
  0.0000
  1.3950
  1.0030
 -5.3790
 -2.2620
  0.9380
 -1.3420
  0.2700
  0.0000
 -0.4050
  1.4770
  0.6650
  1.0540
 -0.6570
  0.1320
 -0.6610
 -2.8250
 -2.3910
 -1.2830
  1.5660
 -0.5670
  0.4250
 -0.2830
  0.2840
  0.2830
 -0.7070
 -1.5750
 -0.8700
  0.1460
 -1.0220
  2.3220
 -0.8650
  1.1510
 -0.1430
 -0.7190
  1.1470
 -0.1430
 -1.0050
 -0.7250
  0.1450
  0.8670
  0.7160
  0.5690
  0.4250
 -3.3070
 -2.8170
  0.7490
 -0.2990
  1.0430
 -1.3420
  0.4490
 -1.3540
 -0.3030
  0.6060
 -2.1380
 -0.3090
 -0.7770
 -2.0490
  0.4770
  1.1030
 -1.7390
  1.2680
 -1.1080
  0.0000
  0.3170
 -0.9570
 -6.7970
 -2.9590
 -3.2320
 -0.1820
  0.1830
  0.0000
  0.9080
 -2.3790
 -2.6270
  2.0690
 -1.6900
  1.3170
  2.9470
  0.3620
 -1.2740
 -1.7220
  0.5670
  1.8690
 -2.4360
 -1.3370
 -1.3550
  1.1630
  0.0000
 -0.9680
 -1.7670
 -3.0150
  1.6200
  1.5930
  2.5370
  0.7680
  0.9510
  3.3520
 -0.7360
  0.1850
 -0.9250
 -0.3730
 -1.6930
 -0.7620
 -4.2980
 -1.4070
  1.0070
  0.7990
-11.3570
 -7.8740
  2.1460
 -3.1140
 -4.9880
  5.7160
 -0.9710
  2.8850
 -1.9140
 -3.9420
  0.7510
  0.4980
 -0.4970
 -2.5260
 -1.8060
 -2.1050
 -1.0700
  2.6530
  2.0720
 -2.0720
  2.0720
 -1.0310
  2.5580
 -2.2990
 -3.1500
 -1.0730
  4.7380
  0.5130
  0.2560
  1.2680
  1.2510
  2.4580
  2.1600
 -0.9550
 -1.9370
  1.5330
  1.2100
  1.6690
  0.9420
 -2.1310
 -2.1770
 -0.7360
 -1.4890
  0.9950
  0.0000
  0.0000
  1.4740
 -0.2440
  1.4560
  3.5500
  1.1560
  0.6880
 -0.9170
  1.8260
 -0.6810
  0.6810
  1.5720
  0.8870
 -1.3340
 -1.8060
  1.3580
 -1.1300
  0.2270
 -1.1400
  0.2290
 -1.6150
 -0.2330
  1.1590
 -5.9330
 -1.2300
  1.7180
  0.7270
 -3.4410
  1.7350
  1.9470
  1.4360
  0.0000
 -1.1950
  0.4800
 -3.9030
  1.4820
 -3.2380
 -0.7620
 -0.5110
  0.5120
  0.5090
  2.7540
 -3.0080
 -1.2800
 -1.5580
  1.3010
  0.0000
  3.0540
 -2.0250
 -0.5130
  1.2770
  0.0000
  0.2540
 -1.1920
  0.7740
  0.5130
  0.0000
 -1.8060
 -1.0470
  0.7860
 -0.5230
  2.8460
  1.2680
 -0.7590
 -1.7930
  2.8020
  1.2480
  4.6070
  0.9440
 -0.9430
 -1.4320
  3.5430
  0.0000
  0.2320
 -3.2950
  0.0000
  1.1890
 -0.7120
  0.0000
 -0.9570
 -4.1730
  0.9980
 -1.5000
 -0.5050
 -0.2530
  0.0000
 -1.2770
  0.2570
  2.0300
  1.2480
 -2.0050
  0.0000
 -0.2530
 -2.0510
 -2.8910
 -0.5340
  0.0000
  0.0000
  3.1660
 -1.0440
 -0.5260
  0.2640
 -4.0270
 -4.4830
 -1.7340
  1.7340
 -0.5750
 -2.6280
  0.2960
  7.3900
 -3.6270
 -0.2840
  1.4150
 -1.4140
 -1.1470
  2.2790
 -0.8490
 -0.8610
 -0.5780
  0.2900
 -2.3390
 -1.1900
 -0.2990
 -1.5130
  4.7630
 -0.5830
  0.5830
  0.2910
  2.8580
 -1.1330
  0.2850
  0.0000
  0.2840
  1.1270
  2.4900
  0.2730
  0.2720
 -0.5440
 -0.5470
 -2.5040
  0.0000
 -1.4180
  0.2860
 -0.8590
  0.2870
 -0.2870
 -0.2870
 -2.6280
 -0.2960
 -0.5950
  0.0000
 -0.2990
  0.0000
  0.0000
 -0.2990
  0.8970
  4.3670
  0.8510
 -1.1360
  0.5690
  0.0000
  0.5660
 -0.2820
 -0.8540
 -1.4390
 -1.1660
  4.3050
 -1.1300
 -1.4300
  0.5740
  3.1030
 -1.1170
  0.8390
  3.0180
 -0.5420
 -0.5440
  0.5450
  3.7330
  6.3400
 -0.2460
 -1.4890
  0.2510
  0.7490
 -2.2640
  1.5150
  4.1730
 -0.7240
 -1.2180
  3.3730
 -1.6730
  1.6730
 -1.6730
  0.2410
  2.1400
  3.6960
  1.1280
 -2.4970
 -0.9240
 -1.4020
  1.1690
 -0.4660
  0.4660
  0.0000
  0.2330
 -0.4650
  2.9850
  3.7740
 -2.2030
  1.3270
  1.0930
  3.8380
 -2.3280
  0.4270
  1.0600
 -1.0610
  0.8490
 -1.2760
 -0.4290
 -1.9540
 -0.8810
  1.9710
  2.3580
  0.8430
 -1.6950
  0.6390
  0.6350
 -1.0610
 -0.8570
  1.0690
 -0.2130
 -1.9380
 -0.6540
 -1.9890
 -1.3480
  0.0000
  5.9300
 -0.6420
 -3.2720
  1.3210
  1.0880
 -2.1890
  0.0000
 -0.2210
 -1.1150
 -6.4840
  4.2360
 -1.1590
 -0.9360
 -0.4720
  0.7060
  1.3980
  0.9220
  0.2290
 -3.4920
 -0.2370
  1.8820
 -0.2330
 -1.1750
  0.0000
  0.0000
  1.4080
 -1.1730
 -0.7110
  0.0000
 -0.7160
  4.6740
  1.1360
  1.1230
 -0.2230
  2.8670
 -0.2170
  1.5130
 -0.6460
 -1.3040
  2.5920
 -0.6420
 -1.7320
 -1.5400
 -4.3040
 -0.6960
 -1.8830
  1.6490
  2.0810
 -3.0200
  0.7060
 -0.4690
  0.0000
 -1.1830
  0.9470
 -0.2360
 -0.9510
  2.8240
 -1.6370
  0.7060
  0.0000
 -2.1310
 11.0840
  0.6400
  0.8470
 -1.2740
 -2.3780
  0.6540
  0.8660
  0.6450
 -1.0770
 -0.6510
 -1.1000
  0.8810
  1.7390
 -1.3010
  0.0000
  0.4360
  1.7240
  4.5940
 -0.8190
  1.0240
  1.2150
 -0.6060
  2.2030
  0.7890
  0.5870
 -0.5880
 -0.9870
  0.7910
 -2.3900
 -1.6260
  2.6290
  0.0000
 -1.6100
  0.6070
  1.0030
  1.7800
  1.9420
 -1.9420
 -1.3830
 -0.7980
 -1.2090
 -1.0190
  1.6260
 -1.8320
 -1.6570
  2.6780
 -0.6120
 -1.2350
 -2.7290
 -3.0240
 -1.3250
  1.3240
 -0.4400
 -0.2200
 -1.7820
  0.4480
  1.5540
  2.6090
 -2.3890
  0.0000
 -2.2230
  0.4480
 11.0050
 -1.6160
  1.4160
  0.2010
  0.2000
 -0.4010
 -0.6040
  1.6030
 -0.9990
  1.1980
  0.5930
 -1.1950
  1.3930
  1.9570
 -0.5830
  0.7770
 -1.3630
  0.9750
  0.3870
  0.3860
  2.0970
  2.7910
 -0.5520
 -0.1850
 -0.3710
  2.9250
  0.8970
 -0.8970
  0.0000
 -1.2690
 -0.9160
 -0.9250
  0.3710
  0.0000
  0.5540
 -0.9250
  0.9250
  2.0060
  0.7190
  0.0000
  1.7760
 -0.8840
 -0.1780
 -1.0740
  0.1800
 -0.7210
 -0.1810
  0.0000
 -0.7280
  1.4490
  0.1800
 -1.0830
 -0.7290
  1.0910
 -0.5430
  3.3970
  0.5260
  0.1750
  2.0720
 -1.2040
  1.2040
  0.1710
  1.5240
  1.3360
 -0.4990
 -0.5010
 -2.2020
  1.1920
  0.6750
 -0.3370
  2.6620
 -2.1580
 -0.8430
  0.5070
 -1.0150
 -2.9340
  1.0480
  1.5530
  1.3610
 -2.7400
  0.5200
  0.6890
  0.3420
 -0.5140
  0.5140
  0.1710
 -0.5130
 -4.3830
  0.3570
  1.0650
 -0.1770
  0.0000
  0.1770
 -1.7830
  2.6620
  0.0000
  0.3490
 -0.5250
 -1.5920
  1.9420
 -1.2320
 -1.2470
  0.7140
  0.3550
 -0.5330
  2.1160
 -1.2300
  3.9840
 -0.1700
  0.0000
  1.0150
 -1.6980
  1.8660
 -1.1830
  0.3390
  0.8430
 -0.5050
  1.5090
  0.4980
  1.4790
 -0.8190
  0.0000
  0.4920
  1.4620
  0.0000
 -0.3240
 -0.9760
 -1.4820
 -1.5040
 -0.3380
 -2.2200
  0.0000
  0.1730
 -1.0390
  0.5220
  2.0590
  1.0140
  0.3350
  0.0000
 -0.1680
  0.0000
  1.0050
  0.0000
 -0.1670
  0.9970
  0.0000
 -0.1650
 -0.6640
 -1.0050
  0.0000
  0.0000
  0.8380
 -1.1760
  1.6750
  0.1660
  2.4580
  3.3420
  0.4680
 -0.6250
  0.0000
  1.0910
  0.6180
  1.0730
 -0.6120
  0.3070
  2.1180
 -1.0540
  1.0530
 -1.5080
 -0.7630
  2.1210
  0.3000
  1.6310
 -0.5900
 -1.7910
 -0.7560
 -0.3030
  0.9090
  0.1510
  1.1980
 -0.1490
  0.1490
  2.3530
  0.8680
  0.4310
 -0.8650
  1.7220
  0.4260
 -1.2830
  2.1290
  2.9060
  2.0250
  0.1340
  1.7210
  1.6920
 -2.3500
 -2.6780
  0.8110
  1.4690
 -0.2650
 -0.6690
  0.6690
 -0.1330
  0.2670
  0.3980
  0.1330
  0.6600
 -0.3960
  0.2640
 -1.8620
  0.2680
  1.9880
  2.0780
 -1.1640
  0.6480
 -1.8260
 -2.5320
  0.4040
  1.3350
 -0.3990
 -2.8360
  0.1370
 -1.6560
 -0.5580
 -0.2800
  1.2540
  1.6480
  1.3530
  0.0000
 -0.4040
  1.2080
  4.1780
 -0.6410
  0.3850
  1.1470
 -0.3810
 -2.9700
  0.7830
  0.9060
 -1.0360
  1.6790
 -0.9000
  2.1720
  0.6300
  1.1250
 -0.8740
  1.8630
  2.0690
  0.1200
  3.1970
 -0.2330
 -5.5240
  2.8000
 -0.4810
  3.6710
  0.8110
  0.5750
  1.5930
 -0.1130
 -1.5950
  0.6870
 -1.9570
  1.3850
 -0.3450
  0.2300
  0.9140
  0.2280
 -0.6850
  0.1150
  1.3640
  1.1230
  0.3340
  1.1060
 -2.0000
 -4.2420
  0.8170
 -0.9330
 -1.6550
 -0.9590
 -2.1900
  0.7350
 -0.7360
  1.7070
 -0.6070
 -1.5950
 -0.3720
 -1.3740
 -0.5040
 -2.5610
  1.1600
 -2.9930
 -1.3300
 -1.2120
  2.0130
  2.7510
 -1.0390
 -1.4460
 -0.5310
 -1.2050
  0.1350
  1.6020
 -0.5310
  0.6640
 -1.0640
  1.4600
 -1.1930
  0.7970
 -0.3980
 -2.2840
 -1.3680
  1.9100
  0.5400
 -0.5390
  1.6090
  3.0130
 -0.5170
  1.9270
 -2.9700
  3.7310
 -1.0150
 -1.9320
 -0.2600
  0.6500
  1.7970
 -1.0230
 -0.3870
  2.7990
  1.8650
 -0.9900
 -1.7560
 -0.7620
  0.6370
 -1.0220
  0.0000
 -2.0750
  0.1310
  0.1310
 -0.5240
 -2.2590
  1.6000
  0.7910
  0.6540
  0.0000
  1.1660
  0.1290
 -0.5160
 -1.9590
  1.4410
 -0.3910
  0.0000
 -1.0490
  2.2180
 -0.6470
 -0.9130
 -0.9210
 -0.7970
 -3.8040
 -1.3950
  3.1790
 -2.7590
  1.6640
  0.4120
  0.5470
  0.2720
 -2.0590
  1.3770
 -0.5490
 -1.8040
 -2.6970
  1.9940
  0.5620
 -2.7010
  0.5740
  0.0000
 -1.0080
 -3.8360
  4.5570
  0.7150
  9.3880
  5.8020
  0.2450
  0.7300
  3.8100
 -2.7240
  0.5980
  1.6570
  1.9750
 -0.1150
  0.4600
  0.5710
  2.3670
  2.2030
 -1.6470
  0.7740
  0.0000
  1.5300
 -1.4200
  0.5480
  2.9110
  0.3180
  0.9480
  0.9400
  3.1710
  1.2010
 -0.5990
  3.0560
 -1.0740
 -3.8000
 -3.7390
 -1.7070
  2.4460
 -1.6950
  0.1070
 -2.4860
  2.5920
 -2.5920
  1.4120
  0.8590
  2.5350
  3.8860
 -2.3340
 -3.9790
 -1.8330
 -0.5450
 -4.9340
  1.8220
  0.4500
 -1.3570
  1.3580
 -0.7900
  6.3620
  1.7910
 -1.6840
  1.3710
 -1.2650
 -1.6040
  1.2850
 -5.2410
  2.3270
  1.1980
 -9.2930
  0.2380
 -0.1180
  1.7630
 -0.2330
 -0.2340
  1.3950
 -0.4630
  0.8090
 -0.8090
  0.1160
  0.0000
  0.2320
 -1.0450
 -1.0570
  0.3300
  1.0570
 -0.5860
  1.1680
  0.9250
  0.3440
 -0.3450
  2.0500
  1.1210
 -1.0080
 -0.5650
 -1.0240
 -0.4590
 -0.4610
 -1.2780
  0.3500
 -0.4670
 -1.2960
  0.4730
 -0.9490
 -3.5170
  0.4930
  0.8560
  0.4860
 -0.1210
  0.2430
 -1.5870
  0.8570
 -1.2280
  0.8600
 -1.3550
 -2.1320
  1.0090
  0.1250
 -1.1340
  0.2530
  0.1260
  2.4940
 -1.4890
 -1.5110
 -0.6370
  0.5100
  0.6330
 -0.1260
 -2.9510
 -1.3110
 -4.1760
  5.2260
 -1.7120
  0.1330
 -0.5320
 -1.3420
 -2.4620
  1.6480
 12.1710
  0.2410
  0.8380
  2.4750
  0.1160
 -0.2330
  1.5040
  0.3430
  0.3420
  3.0100
  0.7740
 -0.9960
 -0.2220
 -2.4840
  1.6990
 -0.3380
 -0.7920
  0.0000
  0.4540
  1.5720
  0.3330
  0.3320
 -0.4430
 -0.6690
  2.8670
  0.1090
 -0.6530
  0.7620
 -0.5430
 -1.3180
  2.0770
  1.8230
  0.4240
 -0.1060
 -0.6380
  4.0740
  0.5110
  0.7100
  0.7060
 -0.8060
 -0.4060
  1.0110
 -0.1010
  1.8950
 -1.6940
  0.3020
 -0.2000
 -0.6040
  1.7020
 -0.6970
  1.2920
  0.9820
  0.3900
 -1.6690
  1.1810
  1.6490
  0.0960
 -0.3860
 -1.4590
 -1.5790
  2.9410
  0.5780
 -2.4310
  1.7560
 -1.4620
 -0.6890
  0.6900
 -1.3840
  0.5950
  2.0560
 -1.1700
  0.9750
  1.1580
  2.6330
  0.2810
  0.4660
  0.0930
 -0.9330
  1.1200
  1.5650
  5.7660
  1.2000
  4.9040
 -0.9780
  0.9780
  2.7990
 -0.5540
  0.2380
  0.0790
  0.7880
  2.2500
 -0.2300
 -0.3850
 -2.1840
 -1.8310
  2.7720
 -1.4160
 -1.0350
 -2.9240
  0.8210
 -2.8190
  2.1630
  4.3480
 -0.3150
 -2.2380
 -0.2430
  0.9670
  0.0000
 -0.4020
 -0.9720
 -1.3930
  1.1480
  3.7620
  1.3260
  1.3090
 -2.1650
  1.2430
  0.6930
  0.5360
  1.8980
 -1.4410
  0.5310
 -0.1510
  1.0530
  0.5970
 -6.1360
 -4.0360
 -0.8270
 -3.2070
  3.3730
  3.6630
  0.5580
 -0.2380
 -1.2830
 -0.8100
 -3.2240
 -1.6260
  1.8660
 -4.1180
  1.7360
 -0.1720
  0.9440
 -0.9430
  0.1720
 -1.1250
 -1.6680
 -2.5990
  4.4410
  1.8090
  0.2560
 -2.6730
  0.5230
  0.9520
 -0.1720
  0.4300
  0.7700
 -1.2870
  0.9460
 -0.0860
 -0.7740
 -1.3910
  0.5240
 -2.9140
 -0.0900
 -1.0820
 -0.7280
 -3.2480
  3.1580
 -0.6420
  3.1690
 -2.3440
  0.1820
 -0.3650
 -2.2180
 -1.9830
 -1.4400
  2.4840
  3.0660
 -2.5950
 -0.0940
  0.2820
  2.3160
  1.0020
 -0.2720
  0.1820
  1.4420
 -1.7140
  1.8930
  1.6820
  7.6050
 -1.8890
 -0.2490
  5.1830
  1.3330
  0.5440
  0.4640
  2.4370
 -0.3770
 -1.8140
  3.1870
  0.0750
  3.5190
  0.0720
  0.1440
  0.0000
 -2.2540
 -0.7380
  2.9200
  0.7880
 -1.5100
  0.5060
  3.3330
  0.5560
 -2.6700
 -1.4350
  0.7200
 -3.2070
 -1.1920
 -0.6020
  3.2640
  1.4490
 -0.7220
  1.0090
  1.1410
  0.9880
  0.2810
  0.6980
 -0.9790
  0.7000
  0.2790
 -2.3920
  4.5260
  0.0680
 -1.3700
  0.6880
 -1.1020
  1.7160
  1.7550
  1.4610
 -0.3310
  1.3140
  0.4560
 -0.4560
  0.0000
 -0.5230
  0.7840
  1.6790
  2.0280
  4.7770
 -0.7210
 -0.7260
  2.0420
  2.5240
 -0.7570
 -1.8870
 -2.0450
  2.9930
 -0.2360
 -0.9510
  1.4220
  0.2350
  1.2830
 -0.2780
 -1.9990
 -2.1610
  0.4240
  0.9020
 -0.7220
 -3.6240
  3.9850
  3.7160
  0.0580
 -2.1050
  0.5890
 -1.3010
 -1.6200
  0.5430
 -2.6830
  0.2470
  2.6160
 -0.4810
  0.1810
 -0.1200
 -0.7270
 -2.8350
 -3.0460
  1.0260
 -0.2550
 -1.5470
  3.4460
  0.0000
 -0.8820
  0.5050
  4.5550
 -0.6040
 -1.6470
  0.0620
  0.9790
  2.2880
  0.9470
 -2.3860
  1.0220
 -0.2390
  0.4780
  1.8900
 -1.4740
 -0.5960
  0.2990
 -0.4180
 -1.1430
 -1.5860
 -1.7980
 -4.5450
  2.1380
  7.5900
 -0.0590
 -4.6230
 -2.3940
 -8.5150
  9.9090
 -1.1380
 -2.5120
  2.7660
  3.1240
  0.3080
  0.7940
 -1.4590
 -1.5580
 -1.8390
  1.3350
 -2.4280
  2.5540
  2.3680
  1.9510
 -1.3380
  0.9140
  1.6240
  0.7730
 -2.3360
  4.0380
  2.1880
 -0.2280
  2.7590
 -1.6230
 -0.3400
 -1.0240
  2.7090
  0.5550
 -2.2400
 -3.5740
 -4.6850
 -1.2380
  0.4970
  2.8100
 -1.7010
 -1.9800
  2.1030
  0.4270
 -3.9150
  0.5060
  2.5520
  1.0400
  0.3640
  1.4450
  0.9510
  0.7660
 -1.1220
 -0.9550
 -0.0600
 -4.0400
  0.0620
  1.9780
  0.4890
  0.7890
  1.5000
  3.1630
 -7.9170
 -0.7520
 -0.1890
 -1.0770
 -1.6700
  0.5170
  1.2170
  0.5710
  1.8180
 -1.1880
 -1.0750
  1.2630
 -1.3770
  0.0000
  2.8920
  1.7810
  0.1830
 -0.4870
 -0.3670
  0.7320
  0.0000
 -0.1220
  0.2440
 -0.3660
  2.6480
  0.2380
 -1.0120
 -2.4230
  0.1840
 -3.1080
 -0.0630
 -0.8240
 -2.0590
  1.4200
  1.6530
  1.1290
 -0.6250
  1.6180
 -0.3710
  0.6800
  1.2840
 -0.7930
 -0.6760
  2.0740
  2.3860
 -0.8880
 -0.6560
 -1.0840
  0.6030
  0.5410
  1.3080
 -1.0690
  1.2460
 -1.2460
 -0.1790
  1.7780
 -2.0770
  1.9610
  3.2410
 -1.7810
 -0.0580
  3.1400
  5.9470
 -2.7930
  2.3690
 -0.1060
 -1.7730
  0.3240
 -0.1080
  0.2700
  0.8590
 -0.2140
  1.0130
 -0.2910
 -0.1070
  2.4250
 -0.5750
  0.2620
  1.8640
  3.1800
 -0.6970
 -0.2500
  0.3010
 -1.2070
  0.1010
 -1.3740
 -0.7720
 -0.6220
 -0.1560
 -2.1570
 -0.2660
 -1.3970
 -1.4710
  1.9030
  2.3940
 -0.0530
  0.3670
 -1.6910
 -1.0720
  0.2160
 -3.5020
 -2.0240
  0.9050
 -1.9910
 -2.5010
  1.8670
  3.2980
  0.2240
  0.3900
  0.4990
  0.9910
  0.6000
  1.6740
 -1.3470
 -1.3110
  0.1650
  0.9830
  1.7770
  1.2210
  0.7350
  0.2090
 -2.2180
  1.1680
  1.5190
  1.4970
  4.8980
 -0.5380
 -2.8350
  0.3030
  1.0010
 -0.0500
  1.8270
  4.3090
 -0.6580
  0.1890
 -4.5760
  1.5160
  0.9440
 -0.4830
  0.5790
 -1.0650
 -0.3900
 -1.4260
 -0.6460
 -0.1990
  2.9530
  0.8210
 -1.4540
 -0.1460
  0.5370
 -0.0970
  1.8800
 -4.3930
 -2.1690
 -8.4560
  4.6090
  2.1500
  1.0320
 -1.9700
  5.3510
 -1.9540
 -0.8130
  3.2620
  2.0050
  0.6760
  0.3840
 -2.9160
 -1.6400
  2.7680
 -0.3420
  3.3200
 -1.1430
  2.2250
  0.0940
 -1.6510
 -2.2600
 -2.4620
 -0.4500
 -3.7230
 -0.8350
  1.2500
  2.2510
  3.0400
  2.7600
 -2.0740
  1.7880
  4.4950
 -0.4130
  2.4980
 -1.0820
  3.4300
 -0.6150
 -0.1760
  1.0540
  0.9130
  1.2470
  1.7380
 -0.1680
 -0.0840
 -0.6760
  0.3380
  0.7580
  0.7740
  0.9540
  3.0090
  0.7180
  0.4760
 -0.2770
  1.2230
 -0.8670
  0.6310
 -0.2750
  0.9800
  3.9410
 -0.7910
  0.9040
  1.9300
 -2.9100
  2.8360
 -1.4450
 -2.3800
  0.4580
  1.7720
  0.5960
  0.7400
 -2.6540
  1.8020
 -3.0990
  1.2970
 -0.3800
  1.0220
  3.2580
  2.7660
  3.2770
  1.4980
  1.5760
  0.6960
 -1.1290
 -0.2000
 -1.2800